# YSES-1b SINFONI emission data from Zhang et al. (2021), Nat, 595.

# The @DEPTH_UNITS defines the spectrum and uncert units
# (none, percent, ppt, ppm, f_lambda), with f_lambda => W m⁻² μm⁻¹
@DEPTH_UNITS
f_lambda

# The @DATA flag sets the data
# flux            flux_err         wavelength  half_width    instrument
@DATA
 7.77569556e-16   1.96023604e-17     2.095195    0.000000    sinfoni
 7.82911132e-16   1.96801776e-17     2.095445    0.000000    sinfoni
 7.68272380e-16   1.97337089e-17     2.095695    0.000000    sinfoni
 7.64477160e-16   1.96720821e-17     2.095945    0.000000    sinfoni
 7.61088479e-16   1.93694189e-17     2.096195    0.000000    sinfoni
 7.49122394e-16   1.93808870e-17     2.096445    0.000000    sinfoni
 7.59441503e-16   1.95907543e-17     2.096696    0.000000    sinfoni
 7.67546877e-16   1.96935316e-17     2.096946    0.000000    sinfoni
 7.72579087e-16   1.96651453e-17     2.097196    0.000000    sinfoni
 7.82191323e-16   1.97251342e-17     2.097446    0.000000    sinfoni
 7.95732150e-16   1.97840309e-17     2.097696    0.000000    sinfoni
 7.94504440e-16   1.93055780e-17     2.097946    0.000000    sinfoni
 8.10912523e-16   2.00074234e-17     2.098196    0.000000    sinfoni
 8.08802628e-16   2.03804699e-17     2.098446    0.000000    sinfoni
 8.03075888e-16   2.07521588e-17     2.098696    0.000000    sinfoni
 8.05867428e-16   2.00856713e-17     2.098946    0.000000    sinfoni
 7.79693003e-16   1.98088937e-17     2.099196    0.000000    sinfoni
 7.79458611e-16   1.98310593e-17     2.099446    0.000000    sinfoni
 8.00663295e-16   1.98595388e-17     2.099697    0.000000    sinfoni
 7.74968254e-16   1.97821535e-17     2.099947    0.000000    sinfoni
 7.94200837e-16   1.96758801e-17     2.100197    0.000000    sinfoni
 8.06794437e-16   1.97615157e-17     2.100447    0.000000    sinfoni
 7.93729110e-16   1.98844490e-17     2.100697    0.000000    sinfoni
 8.40851346e-16   1.98511982e-17     2.100947    0.000000    sinfoni
 8.51918366e-16   2.01333314e-17     2.101197    0.000000    sinfoni
 8.15127586e-16   2.07768733e-17     2.101447    0.000000    sinfoni
 8.00532405e-16   2.06430425e-17     2.101697    0.000000    sinfoni
 7.73976844e-16   1.98062692e-17     2.101947    0.000000    sinfoni
 7.63993403e-16   1.97198799e-17     2.102198    0.000000    sinfoni
 8.10341998e-16   1.97081670e-17     2.102448    0.000000    sinfoni
 8.06178840e-16   1.97825290e-17     2.102698    0.000000    sinfoni
 8.12197606e-16   1.99061503e-17     2.102948    0.000000    sinfoni
 7.99673300e-16   1.99839413e-17     2.103198    0.000000    sinfoni
 8.11629052e-16   1.96290203e-17     2.103448    0.000000    sinfoni
 8.11763531e-16   1.97132254e-17     2.103699    0.000000    sinfoni
 8.07189239e-16   1.97037720e-17     2.103949    0.000000    sinfoni
 8.13855625e-16   1.97108020e-17     2.104199    0.000000    sinfoni
 8.01928954e-16   1.95904073e-17     2.104449    0.000000    sinfoni
 7.97966872e-16   1.96513220e-17     2.104699    0.000000    sinfoni
 8.04233520e-16   1.96387939e-17     2.104949    0.000000    sinfoni
 7.79939002e-16   1.93035247e-17     2.105199    0.000000    sinfoni
 7.72509946e-16   1.88569486e-17     2.105450    0.000000    sinfoni
 8.38045124e-16   2.01435525e-17     2.105700    0.000000    sinfoni
 8.67940157e-16   2.03822391e-17     2.105950    0.000000    sinfoni
 8.41069063e-16   2.01108918e-17     2.106200    0.000000    sinfoni
 8.49467541e-16   2.03156350e-17     2.106450    0.000000    sinfoni
 8.84690837e-16   2.07571043e-17     2.106700    0.000000    sinfoni
 8.53489712e-16   2.02770542e-17     2.106951    0.000000    sinfoni
 8.06457929e-16   1.99407329e-17     2.107201    0.000000    sinfoni
 7.94965521e-16   1.96720694e-17     2.107451    0.000000    sinfoni
 8.10079232e-16   1.95672017e-17     2.107701    0.000000    sinfoni
 8.12908804e-16   1.97940694e-17     2.107951    0.000000    sinfoni
 7.84588233e-16   1.97316345e-17     2.108201    0.000000    sinfoni
 7.58610082e-16   1.96467215e-17     2.108452    0.000000    sinfoni
 7.36672270e-16   1.97418300e-17     2.108702    0.000000    sinfoni
 7.75923413e-16   1.97323344e-17     2.108952    0.000000    sinfoni
 7.83942995e-16   1.95813375e-17     2.109202    0.000000    sinfoni
 8.07567166e-16   1.99713747e-17     2.109453    0.000000    sinfoni
 8.14083752e-16   1.99686940e-17     2.109703    0.000000    sinfoni
 7.84439472e-16   2.00788046e-17     2.109953    0.000000    sinfoni
 8.24617733e-16   2.02502607e-17     2.110203    0.000000    sinfoni
 8.33875168e-16   2.04264559e-17     2.110453    0.000000    sinfoni
 8.44900504e-16   2.04014243e-17     2.110704    0.000000    sinfoni
 8.60595074e-16   2.02904297e-17     2.110954    0.000000    sinfoni
 8.28726869e-16   2.05937569e-17     2.111204    0.000000    sinfoni
 8.15228296e-16   2.13192543e-17     2.111454    0.000000    sinfoni
 7.68509040e-16   2.04539769e-17     2.111704    0.000000    sinfoni
 7.63409799e-16   1.99519102e-17     2.111955    0.000000    sinfoni
 7.93044710e-16   1.95949806e-17     2.112205    0.000000    sinfoni
 8.01503552e-16   1.96487878e-17     2.112455    0.000000    sinfoni
 8.15719148e-16   1.96518191e-17     2.112705    0.000000    sinfoni
 8.35856549e-16   1.95617238e-17     2.112956    0.000000    sinfoni
 8.47328911e-16   1.97569164e-17     2.113206    0.000000    sinfoni
 8.43488858e-16   1.96977344e-17     2.113456    0.000000    sinfoni
 8.35063830e-16   1.93410687e-17     2.113706    0.000000    sinfoni
 8.32132938e-16   1.94240094e-17     2.113957    0.000000    sinfoni
 8.69818872e-16   1.96118688e-17     2.114207    0.000000    sinfoni
 8.68013586e-16   1.98372092e-17     2.114457    0.000000    sinfoni
 8.59198838e-16   1.98989814e-17     2.114707    0.000000    sinfoni
 8.71716715e-16   1.98622576e-17     2.114958    0.000000    sinfoni
 8.46092651e-16   2.00334696e-17     2.115208    0.000000    sinfoni
 8.33014342e-16   2.02941996e-17     2.115458    0.000000    sinfoni
 8.40411489e-16   1.99064350e-17     2.115708    0.000000    sinfoni
 8.37101113e-16   1.98515893e-17     2.115959    0.000000    sinfoni
 8.57797565e-16   1.97352633e-17     2.116209    0.000000    sinfoni
 8.53297449e-16   1.94854910e-17     2.116459    0.000000    sinfoni
 8.44989250e-16   1.96781356e-17     2.116710    0.000000    sinfoni
 7.88732338e-16   1.96971416e-17     2.116960    0.000000    sinfoni
 7.67456572e-16   1.96070562e-17     2.117210    0.000000    sinfoni
 7.71390632e-16   2.12262069e-17     2.117460    0.000000    sinfoni
 7.88957944e-16   2.04357357e-17     2.117711    0.000000    sinfoni
 7.76132189e-16   2.00213133e-17     2.117961    0.000000    sinfoni
 8.03768909e-16   1.98958001e-17     2.118211    0.000000    sinfoni
 8.11548340e-16   2.01555168e-17     2.118461    0.000000    sinfoni
 8.26594216e-16   1.97844667e-17     2.118712    0.000000    sinfoni
 8.18704290e-16   1.96015386e-17     2.118962    0.000000    sinfoni
 8.16114422e-16   1.96894359e-17     2.119212    0.000000    sinfoni
 8.06521144e-16   1.97044082e-17     2.119463    0.000000    sinfoni
 8.47707863e-16   1.97706751e-17     2.119713    0.000000    sinfoni
 8.49276032e-16   2.01099757e-17     2.119964    0.000000    sinfoni
 8.28531467e-16   1.99105302e-17     2.120213    0.000000    sinfoni
 7.99637478e-16   1.95345584e-17     2.120464    0.000000    sinfoni
 8.12670182e-16   1.92423149e-17     2.120714    0.000000    sinfoni
 8.22028612e-16   1.91162192e-17     2.120964    0.000000    sinfoni
 8.17450666e-16   1.98230661e-17     2.121215    0.000000    sinfoni
 8.29560072e-16   1.94599419e-17     2.121465    0.000000    sinfoni
 8.31095203e-16   1.93566099e-17     2.121716    0.000000    sinfoni
 8.43303941e-16   1.94284676e-17     2.121966    0.000000    sinfoni
 8.34123085e-16   1.94806395e-17     2.122216    0.000000    sinfoni
 8.50625753e-16   1.93782905e-17     2.122466    0.000000    sinfoni
 8.56358920e-16   1.96999798e-17     2.122717    0.000000    sinfoni
 8.79310931e-16   2.03235710e-17     2.122967    0.000000    sinfoni
 8.47483995e-16   2.01466976e-17     2.123218    0.000000    sinfoni
 8.11608511e-16   1.94245266e-17     2.123468    0.000000    sinfoni
 8.06914450e-16   1.93200265e-17     2.123718    0.000000    sinfoni
 8.41933483e-16   1.94853137e-17     2.123969    0.000000    sinfoni
 8.55774846e-16   1.99047761e-17     2.124219    0.000000    sinfoni
 8.26505366e-16   2.02799422e-17     2.124469    0.000000    sinfoni
 9.00091996e-16   2.17932921e-17     2.124720    0.000000    sinfoni
 9.02774278e-16   2.13356048e-17     2.124970    0.000000    sinfoni
 8.70858841e-16   2.00794741e-17     2.125220    0.000000    sinfoni
 8.33534762e-16   1.96139772e-17     2.125471    0.000000    sinfoni
 8.29131379e-16   1.92516306e-17     2.125721    0.000000    sinfoni
 8.34184767e-16   1.92346038e-17     2.125972    0.000000    sinfoni
 8.42708716e-16   1.93235178e-17     2.126222    0.000000    sinfoni
 8.31107992e-16   1.96762077e-17     2.126473    0.000000    sinfoni
 8.34218147e-16   1.95852911e-17     2.126723    0.000000    sinfoni
 8.27856657e-16   1.93622791e-17     2.126973    0.000000    sinfoni
 8.24686103e-16   1.95099920e-17     2.127223    0.000000    sinfoni
 7.98329600e-16   2.00972746e-17     2.127474    0.000000    sinfoni
 7.90598039e-16   1.96109517e-17     2.127724    0.000000    sinfoni
 8.09280435e-16   1.95207870e-17     2.127975    0.000000    sinfoni
 8.37756075e-16   1.96620052e-17     2.128225    0.000000    sinfoni
 8.20055126e-16   1.98233818e-17     2.128476    0.000000    sinfoni
 7.99191162e-16   1.98637475e-17     2.128726    0.000000    sinfoni
 8.08590958e-16   1.90330925e-17     2.128976    0.000000    sinfoni
 8.13427562e-16   1.90083558e-17     2.129227    0.000000    sinfoni
 8.17657303e-16   1.91238506e-17     2.129477    0.000000    sinfoni
 8.31547520e-16   1.91243854e-17     2.129728    0.000000    sinfoni
 8.11075181e-16   1.91852389e-17     2.129978    0.000000    sinfoni
 8.45737978e-16   1.91686572e-17     2.130228    0.000000    sinfoni
 8.46326322e-16   1.92604769e-17     2.130479    0.000000    sinfoni
 8.45777643e-16   1.91490375e-17     2.130729    0.000000    sinfoni
 8.31888562e-16   1.91446235e-17     2.130980    0.000000    sinfoni
 8.51695895e-16   1.92860014e-17     2.131230    0.000000    sinfoni
 8.83189012e-16   1.95852704e-17     2.131481    0.000000    sinfoni
 8.63898733e-16   1.99209864e-17     2.131731    0.000000    sinfoni
 8.57882071e-16   1.97600552e-17     2.131982    0.000000    sinfoni
 8.35777020e-16   1.95663727e-17     2.132232    0.000000    sinfoni
 8.29559852e-16   1.98729580e-17     2.132482    0.000000    sinfoni
 8.30610877e-16   1.91567139e-17     2.132733    0.000000    sinfoni
 8.49305777e-16   1.93455107e-17     2.132983    0.000000    sinfoni
 8.58566223e-16   1.95038324e-17     2.133234    0.000000    sinfoni
 8.58805564e-16   1.93905791e-17     2.133484    0.000000    sinfoni
 8.71540029e-16   1.94056539e-17     2.133735    0.000000    sinfoni
 8.72890328e-16   1.92472654e-17     2.133985    0.000000    sinfoni
 8.19434925e-16   1.91603162e-17     2.134236    0.000000    sinfoni
 8.41467013e-16   1.89016833e-17     2.134486    0.000000    sinfoni
 8.35918370e-16   1.89201320e-17     2.134737    0.000000    sinfoni
 8.51990967e-16   1.89160135e-17     2.134987    0.000000    sinfoni
 8.71909481e-16   1.88638360e-17     2.135238    0.000000    sinfoni
 8.82303906e-16   1.93802431e-17     2.135488    0.000000    sinfoni
 8.91300163e-16   1.95639616e-17     2.135739    0.000000    sinfoni
 8.78069474e-16   1.92554553e-17     2.135989    0.000000    sinfoni
 8.30695074e-16   1.90264744e-17     2.136240    0.000000    sinfoni
 8.60317913e-16   1.91107882e-17     2.136490    0.000000    sinfoni
 8.60941943e-16   1.92784442e-17     2.136741    0.000000    sinfoni
 8.57599235e-16   1.91086901e-17     2.136991    0.000000    sinfoni
 8.35349619e-16   1.92186775e-17     2.137242    0.000000    sinfoni
 8.68326287e-16   1.91604301e-17     2.137492    0.000000    sinfoni
 8.58492100e-16   1.92137070e-17     2.137743    0.000000    sinfoni
 8.50819093e-16   1.91499133e-17     2.137993    0.000000    sinfoni
 8.37676712e-16   1.89535402e-17     2.138243    0.000000    sinfoni
 8.07002125e-16   1.90033545e-17     2.138494    0.000000    sinfoni
 8.12117052e-16   1.87134761e-17     2.138745    0.000000    sinfoni
 8.24089793e-16   1.87229996e-17     2.138995    0.000000    sinfoni
 8.44212054e-16   1.89138951e-17     2.139246    0.000000    sinfoni
 8.61199684e-16   1.91467351e-17     2.139496    0.000000    sinfoni
 8.71156713e-16   1.91291664e-17     2.139747    0.000000    sinfoni
 8.52795375e-16   1.90301569e-17     2.139997    0.000000    sinfoni
 8.41071212e-16   1.87329447e-17     2.140248    0.000000    sinfoni
 7.95546591e-16   1.85492828e-17     2.140498    0.000000    sinfoni
 8.22990977e-16   1.86762228e-17     2.140749    0.000000    sinfoni
 8.33545926e-16   1.89837020e-17     2.141000    0.000000    sinfoni
 8.38918172e-16   1.89013754e-17     2.141250    0.000000    sinfoni
 8.44925589e-16   1.89041855e-17     2.141500    0.000000    sinfoni
 8.50790529e-16   1.90951374e-17     2.141751    0.000000    sinfoni
 8.41913346e-16   1.90913436e-17     2.142002    0.000000    sinfoni
 8.33043934e-16   1.89506174e-17     2.142252    0.000000    sinfoni
 8.07902305e-16   1.87267701e-17     2.142503    0.000000    sinfoni
 8.23210880e-16   1.86381193e-17     2.142753    0.000000    sinfoni
 8.23938624e-16   1.88398254e-17     2.143004    0.000000    sinfoni
 8.46448931e-16   1.88214874e-17     2.143254    0.000000    sinfoni
 8.61203429e-16   1.88459049e-17     2.143505    0.000000    sinfoni
 8.85963037e-16   1.91059755e-17     2.143756    0.000000    sinfoni
 9.13655631e-16   1.91930787e-17     2.144006    0.000000    sinfoni
 9.01856644e-16   1.92182543e-17     2.144257    0.000000    sinfoni
 8.84761609e-16   1.94586418e-17     2.144507    0.000000    sinfoni
 8.91285749e-16   1.91887993e-17     2.144758    0.000000    sinfoni
 8.94722991e-16   1.91757729e-17     2.145008    0.000000    sinfoni
 8.99826422e-16   1.90694930e-17     2.145259    0.000000    sinfoni
 8.96625854e-16   1.90207328e-17     2.145510    0.000000    sinfoni
 8.72388992e-16   1.89350409e-17     2.145761    0.000000    sinfoni
 8.75736804e-16   1.89614797e-17     2.146011    0.000000    sinfoni
 8.80615601e-16   1.90124929e-17     2.146262    0.000000    sinfoni
 8.97881638e-16   1.88266791e-17     2.146512    0.000000    sinfoni
 8.73189166e-16   1.87849365e-17     2.146763    0.000000    sinfoni
 8.91560508e-16   1.87777562e-17     2.147013    0.000000    sinfoni
 8.92135447e-16   1.87106522e-17     2.147264    0.000000    sinfoni
 8.69224171e-16   1.88348250e-17     2.147515    0.000000    sinfoni
 8.66571944e-16   1.86504581e-17     2.147766    0.000000    sinfoni
 8.39227088e-16   1.87829281e-17     2.148016    0.000000    sinfoni
 8.52589723e-16   1.87075575e-17     2.148266    0.000000    sinfoni
 8.47585636e-16   1.87487170e-17     2.148517    0.000000    sinfoni
 8.44096459e-16   1.88724255e-17     2.148768    0.000000    sinfoni
 8.26249197e-16   1.88804495e-17     2.149019    0.000000    sinfoni
 8.25430170e-16   1.88629423e-17     2.149269    0.000000    sinfoni
 8.41653778e-16   1.88094683e-17     2.149520    0.000000    sinfoni
 8.14074723e-16   1.88296302e-17     2.149770    0.000000    sinfoni
 7.97455921e-16   1.96036045e-17     2.150021    0.000000    sinfoni
 8.13190762e-16   2.10831566e-17     2.150272    0.000000    sinfoni
 8.77252793e-16   2.41803453e-17     2.150522    0.000000    sinfoni
 8.32468976e-16   2.21562390e-17     2.150773    0.000000    sinfoni
 8.38092472e-16   2.02430753e-17     2.151024    0.000000    sinfoni
 8.50331757e-16   1.98367061e-17     2.151275    0.000000    sinfoni
 8.90952585e-16   1.90578334e-17     2.151525    0.000000    sinfoni
 8.57263700e-16   1.89330381e-17     2.151776    0.000000    sinfoni
 8.27947755e-16   1.90621350e-17     2.152026    0.000000    sinfoni
 8.38427855e-16   1.88842212e-17     2.152277    0.000000    sinfoni
 8.45485585e-16   1.90246601e-17     2.152528    0.000000    sinfoni
 8.47282152e-16   1.91928142e-17     2.152778    0.000000    sinfoni
 8.01107876e-16   1.92564992e-17     2.153029    0.000000    sinfoni
 8.26152760e-16   1.95751313e-17     2.153280    0.000000    sinfoni
 8.66937327e-16   2.09674639e-17     2.153531    0.000000    sinfoni
 8.77956611e-16   2.02799800e-17     2.153781    0.000000    sinfoni
 8.71596720e-16   1.95703541e-17     2.154032    0.000000    sinfoni
 8.49729056e-16   1.95071022e-17     2.154283    0.000000    sinfoni
 8.47337225e-16   1.89754539e-17     2.154533    0.000000    sinfoni
 8.78208020e-16   1.89464701e-17     2.154784    0.000000    sinfoni
 8.76024477e-16   1.87758193e-17     2.155035    0.000000    sinfoni
 8.62650083e-16   1.88063323e-17     2.155286    0.000000    sinfoni
 8.76332517e-16   1.87366524e-17     2.155536    0.000000    sinfoni
 8.55482850e-16   1.86153119e-17     2.155787    0.000000    sinfoni
 8.48093446e-16   1.87132311e-17     2.156038    0.000000    sinfoni
 8.55587652e-16   1.87272184e-17     2.156289    0.000000    sinfoni
 8.60069179e-16   1.86419583e-17     2.156539    0.000000    sinfoni
 8.83250917e-16   1.88089395e-17     2.156790    0.000000    sinfoni
 8.92341995e-16   1.89721861e-17     2.157041    0.000000    sinfoni
 8.82391711e-16   1.89773418e-17     2.157292    0.000000    sinfoni
 8.79537611e-16   1.92925084e-17     2.157542    0.000000    sinfoni
 9.07184305e-16   1.97120209e-17     2.157793    0.000000    sinfoni
 8.89883493e-16   1.94897560e-17     2.158044    0.000000    sinfoni
 8.73875785e-16   1.87131655e-17     2.158294    0.000000    sinfoni
 8.62672676e-16   1.85065270e-17     2.158545    0.000000    sinfoni
 8.84706936e-16   1.86677043e-17     2.158796    0.000000    sinfoni
 8.86105661e-16   1.88500403e-17     2.159047    0.000000    sinfoni
 8.62473997e-16   1.86620413e-17     2.159298    0.000000    sinfoni
 8.47016552e-16   1.85672318e-17     2.159548    0.000000    sinfoni
 8.63637515e-16   1.88842193e-17     2.159799    0.000000    sinfoni
 8.74221491e-16   1.88214680e-17     2.160050    0.000000    sinfoni
 8.39184969e-16   1.86440714e-17     2.160300    0.000000    sinfoni
 8.24417078e-16   1.85506674e-17     2.160551    0.000000    sinfoni
 8.59100311e-16   1.88858223e-17     2.160802    0.000000    sinfoni
 9.00707646e-16   1.90429551e-17     2.161053    0.000000    sinfoni
 9.09633163e-16   1.90359863e-17     2.161304    0.000000    sinfoni
 9.20421210e-16   1.88767153e-17     2.161554    0.000000    sinfoni
 8.82608546e-16   1.88982880e-17     2.161805    0.000000    sinfoni
 8.67866098e-16   1.86277537e-17     2.162056    0.000000    sinfoni
 8.54679821e-16   1.87086185e-17     2.162306    0.000000    sinfoni
 8.85705424e-16   1.85632450e-17     2.162557    0.000000    sinfoni
 8.83699892e-16   1.85580086e-17     2.162808    0.000000    sinfoni
 8.69011266e-16   1.87374329e-17     2.163059    0.000000    sinfoni
 8.54489016e-16   1.95960500e-17     2.163310    0.000000    sinfoni
 8.74569285e-16   1.91558252e-17     2.163561    0.000000    sinfoni
 8.70268443e-16   1.87444727e-17     2.163812    0.000000    sinfoni
 8.87298046e-16   1.86856139e-17     2.164063    0.000000    sinfoni
 8.98652673e-16   1.85943203e-17     2.164313    0.000000    sinfoni
 9.20188228e-16   1.87133080e-17     2.164564    0.000000    sinfoni
 9.34582818e-16   1.87155877e-17     2.164815    0.000000    sinfoni
 9.08370579e-16   1.83661589e-17     2.165066    0.000000    sinfoni
 9.02216480e-16   1.83282146e-17     2.165316    0.000000    sinfoni
 8.91766167e-16   1.86932574e-17     2.165567    0.000000    sinfoni
 9.03163047e-16   1.90187535e-17     2.165818    0.000000    sinfoni
 9.27981188e-16   1.88119243e-17     2.166069    0.000000    sinfoni
 9.29569461e-16   1.90003869e-17     2.166320    0.000000    sinfoni
 9.30485212e-16   1.91451743e-17     2.166571    0.000000    sinfoni
 9.23926404e-16   1.90638231e-17     2.166821    0.000000    sinfoni
 9.18503282e-16   1.88647614e-17     2.167072    0.000000    sinfoni
 8.96336074e-16   1.85361641e-17     2.167323    0.000000    sinfoni
 9.09343234e-16   1.86029163e-17     2.167574    0.000000    sinfoni
 9.11233847e-16   1.88423693e-17     2.167825    0.000000    sinfoni
 9.21853181e-16   1.88137469e-17     2.168076    0.000000    sinfoni
 9.17972658e-16   1.90518801e-17     2.168327    0.000000    sinfoni
 9.28911282e-16   1.93734733e-17     2.168578    0.000000    sinfoni
 9.48214874e-16   1.90188456e-17     2.168829    0.000000    sinfoni
 9.26146210e-16   1.87170951e-17     2.169079    0.000000    sinfoni
 9.07069199e-16   1.87257549e-17     2.169330    0.000000    sinfoni
 8.96815276e-16   1.84900314e-17     2.169581    0.000000    sinfoni
 9.02883837e-16   1.84177875e-17     2.169832    0.000000    sinfoni
 8.88730993e-16   1.85124541e-17     2.170083    0.000000    sinfoni
 8.45881282e-16   1.84132389e-17     2.170334    0.000000    sinfoni
 8.38903434e-16   1.84342085e-17     2.170585    0.000000    sinfoni
 8.56243070e-16   1.91268404e-17     2.170835    0.000000    sinfoni
 8.77051515e-16   1.92025560e-17     2.171086    0.000000    sinfoni
 8.48043952e-16   1.85996842e-17     2.171337    0.000000    sinfoni
 8.66072532e-16   1.85532874e-17     2.171589    0.000000    sinfoni
 8.89151580e-16   1.83592836e-17     2.171839    0.000000    sinfoni
 8.88307977e-16   1.86166271e-17     2.172090    0.000000    sinfoni
 8.84122920e-16   1.89445103e-17     2.172341    0.000000    sinfoni
 8.70553929e-16   1.89839299e-17     2.172592    0.000000    sinfoni
 8.69891520e-16   1.86311083e-17     2.172843    0.000000    sinfoni
 8.74672545e-16   1.83062161e-17     2.173094    0.000000    sinfoni
 8.74710409e-16   1.84682830e-17     2.173345    0.000000    sinfoni
 8.92069066e-16   1.85690811e-17     2.173596    0.000000    sinfoni
 8.90592291e-16   1.86051711e-17     2.173847    0.000000    sinfoni
 8.85223626e-16   1.84334178e-17     2.174097    0.000000    sinfoni
 8.46347053e-16   1.85593998e-17     2.174348    0.000000    sinfoni
 9.00007601e-16   1.85501234e-17     2.174599    0.000000    sinfoni
 9.17832807e-16   1.85970862e-17     2.174850    0.000000    sinfoni
 9.21045938e-16   1.84554185e-17     2.175101    0.000000    sinfoni
 8.90209725e-16   1.85444831e-17     2.175352    0.000000    sinfoni
 8.79661611e-16   1.84187222e-17     2.175603    0.000000    sinfoni
 8.77214443e-16   1.85898038e-17     2.175854    0.000000    sinfoni
 8.50482697e-16   1.87536791e-17     2.176105    0.000000    sinfoni
 8.33172449e-16   1.85943942e-17     2.176356    0.000000    sinfoni
 8.60758282e-16   1.81890988e-17     2.176607    0.000000    sinfoni
 8.58494502e-16   1.80937764e-17     2.176858    0.000000    sinfoni
 8.78336535e-16   1.81720412e-17     2.177109    0.000000    sinfoni
 8.81339375e-16   1.83128398e-17     2.177360    0.000000    sinfoni
 8.69628854e-16   1.82246450e-17     2.177611    0.000000    sinfoni
 8.67510348e-16   1.82746815e-17     2.177862    0.000000    sinfoni
 8.74344255e-16   1.87618546e-17     2.178113    0.000000    sinfoni
 8.63324697e-16   1.92412773e-17     2.178364    0.000000    sinfoni
 8.63717131e-16   1.85253998e-17     2.178615    0.000000    sinfoni
 8.51628494e-16   1.84872506e-17     2.178866    0.000000    sinfoni
 8.75462112e-16   1.87537898e-17     2.179117    0.000000    sinfoni
 8.49817685e-16   1.87858698e-17     2.179368    0.000000    sinfoni
 8.59027851e-16   1.91890858e-17     2.179619    0.000000    sinfoni
 9.26687349e-16   2.03744824e-17     2.179870    0.000000    sinfoni
 9.00631577e-16   2.20176335e-17     2.180121    0.000000    sinfoni
 8.41952531e-16   1.94115117e-17     2.180372    0.000000    sinfoni
 8.71123804e-16   1.87885977e-17     2.180623    0.000000    sinfoni
 8.80777860e-16   1.83866797e-17     2.180874    0.000000    sinfoni
 8.89121301e-16   1.83617096e-17     2.181125    0.000000    sinfoni
 9.23009859e-16   1.84212294e-17     2.181376    0.000000    sinfoni
 9.21912519e-16   1.84847743e-17     2.181627    0.000000    sinfoni
 9.20636665e-16   1.80969843e-17     2.181878    0.000000    sinfoni
 8.82926798e-16   1.80584188e-17     2.182130    0.000000    sinfoni
 8.48520179e-16   1.80090987e-17     2.182380    0.000000    sinfoni
 8.65366479e-16   1.80622472e-17     2.182631    0.000000    sinfoni
 8.68633578e-16   1.83785951e-17     2.182883    0.000000    sinfoni
 8.55790955e-16   1.88307092e-17     2.183134    0.000000    sinfoni
 8.48067908e-16   1.84817113e-17     2.183384    0.000000    sinfoni
 8.61542106e-16   1.82315704e-17     2.183636    0.000000    sinfoni
 8.80080664e-16   1.84878586e-17     2.183887    0.000000    sinfoni
 8.86323495e-16   1.82924091e-17     2.184138    0.000000    sinfoni
 8.63834460e-16   1.84866370e-17     2.184389    0.000000    sinfoni
 8.75400417e-16   1.89722244e-17     2.184640    0.000000    sinfoni
 8.66845257e-16   1.89286943e-17     2.184891    0.000000    sinfoni
 8.71903596e-16   1.83093589e-17     2.185142    0.000000    sinfoni
 8.61888553e-16   1.81422481e-17     2.185393    0.000000    sinfoni
 8.86206563e-16   1.79824571e-17     2.185644    0.000000    sinfoni
 8.88907764e-16   1.79253540e-17     2.185896    0.000000    sinfoni
 8.50244925e-16   1.79070192e-17     2.186147    0.000000    sinfoni
 8.50857615e-16   1.78947785e-17     2.186398    0.000000    sinfoni
 8.62625907e-16   1.83866827e-17     2.186649    0.000000    sinfoni
 8.95462761e-16   1.89690398e-17     2.186900    0.000000    sinfoni
 9.24490915e-16   2.01259823e-17     2.187151    0.000000    sinfoni
 8.73568033e-16   1.92264287e-17     2.187402    0.000000    sinfoni
 8.77459279e-16   1.86739174e-17     2.187653    0.000000    sinfoni
 8.83950440e-16   1.84552244e-17     2.187904    0.000000    sinfoni
 8.90941633e-16   1.85353321e-17     2.188155    0.000000    sinfoni
 8.85645847e-16   1.82327408e-17     2.188406    0.000000    sinfoni
 9.01069985e-16   1.81376059e-17     2.188658    0.000000    sinfoni
 8.88627900e-16   1.83150768e-17     2.188909    0.000000    sinfoni
 9.10011519e-16   1.84183663e-17     2.189160    0.000000    sinfoni
 8.88815233e-16   1.83159759e-17     2.189411    0.000000    sinfoni
 8.71228192e-16   1.81234048e-17     2.189662    0.000000    sinfoni
 8.87539007e-16   1.81733031e-17     2.189913    0.000000    sinfoni
 8.76421067e-16   1.84267789e-17     2.190164    0.000000    sinfoni
 8.67560849e-16   1.83396019e-17     2.190416    0.000000    sinfoni
 8.88114716e-16   1.79050997e-17     2.190667    0.000000    sinfoni
 8.98633594e-16   1.81111978e-17     2.190918    0.000000    sinfoni
 9.18807080e-16   1.79840556e-17     2.191169    0.000000    sinfoni
 9.05649176e-16   1.79499118e-17     2.191420    0.000000    sinfoni
 8.95718407e-16   1.79592308e-17     2.191671    0.000000    sinfoni
 8.83194893e-16   1.78736251e-17     2.191922    0.000000    sinfoni
 8.86473693e-16   1.77768088e-17     2.192174    0.000000    sinfoni
 8.70164701e-16   1.78283466e-17     2.192425    0.000000    sinfoni
 8.52931845e-16   1.76127106e-17     2.192676    0.000000    sinfoni
 8.23075944e-16   1.75080339e-17     2.192927    0.000000    sinfoni
 8.06220631e-16   1.75672613e-17     2.193178    0.000000    sinfoni
 8.39963655e-16   1.76554347e-17     2.193429    0.000000    sinfoni
 8.59206195e-16   1.77089106e-17     2.193681    0.000000    sinfoni
 8.76038276e-16   1.76615608e-17     2.193932    0.000000    sinfoni
 8.84172463e-16   1.78662656e-17     2.194183    0.000000    sinfoni
 8.83835285e-16   1.81101636e-17     2.194434    0.000000    sinfoni
 8.72733154e-16   1.84745223e-17     2.194686    0.000000    sinfoni
 8.90081242e-16   1.93781526e-17     2.194937    0.000000    sinfoni
 9.55730123e-16   2.07082547e-17     2.195188    0.000000    sinfoni
 9.50602369e-16   2.26055105e-17     2.195439    0.000000    sinfoni
 8.53760112e-16   1.92980741e-17     2.195690    0.000000    sinfoni
 8.61964178e-16   1.82393279e-17     2.195941    0.000000    sinfoni
 8.90778380e-16   1.79936054e-17     2.196193    0.000000    sinfoni
 9.11932608e-16   1.80378044e-17     2.196444    0.000000    sinfoni
 9.26385786e-16   1.80209044e-17     2.196695    0.000000    sinfoni
 9.03734291e-16   1.80099993e-17     2.196946    0.000000    sinfoni
 8.86298334e-16   1.78274011e-17     2.197198    0.000000    sinfoni
 8.46951775e-16   1.79530268e-17     2.197449    0.000000    sinfoni
 8.84808394e-16   1.81407884e-17     2.197700    0.000000    sinfoni
 8.92635815e-16   1.86247468e-17     2.197951    0.000000    sinfoni
 8.99079945e-16   1.92430009e-17     2.198203    0.000000    sinfoni
 9.04750593e-16   1.87877842e-17     2.198454    0.000000    sinfoni
 8.72734333e-16   1.83347492e-17     2.198705    0.000000    sinfoni
 8.73568644e-16   1.86655390e-17     2.198956    0.000000    sinfoni
 9.03111658e-16   1.88284707e-17     2.199208    0.000000    sinfoni
 9.01954328e-16   1.93239012e-17     2.199459    0.000000    sinfoni
 9.08245562e-16   1.95523191e-17     2.199710    0.000000    sinfoni
 8.74158011e-16   1.97595119e-17     2.199961    0.000000    sinfoni
 8.79715054e-16   1.99404698e-17     2.200213    0.000000    sinfoni
 8.85020374e-16   1.94410568e-17     2.200464    0.000000    sinfoni
 9.02659862e-16   1.86059642e-17     2.200715    0.000000    sinfoni
 8.91570588e-16   1.80205558e-17     2.200966    0.000000    sinfoni
 9.08410785e-16   1.80726658e-17     2.201218    0.000000    sinfoni
 9.19626052e-16   1.85995032e-17     2.201469    0.000000    sinfoni
 9.18513079e-16   1.87848241e-17     2.201720    0.000000    sinfoni
 8.87389146e-16   1.88085283e-17     2.201972    0.000000    sinfoni
 8.77383756e-16   1.88812664e-17     2.202223    0.000000    sinfoni
 9.20707932e-16   1.87315812e-17     2.202474    0.000000    sinfoni
 8.87905087e-16   1.86099683e-17     2.202726    0.000000    sinfoni
 8.81909406e-16   1.83707875e-17     2.202977    0.000000    sinfoni
 8.59682123e-16   1.79929036e-17     2.203228    0.000000    sinfoni
 8.31374509e-16   1.77832763e-17     2.203480    0.000000    sinfoni
 8.56673730e-16   1.78581544e-17     2.203731    0.000000    sinfoni
 8.68879199e-16   1.79459357e-17     2.203982    0.000000    sinfoni
 8.61237841e-16   1.80765253e-17     2.204234    0.000000    sinfoni
 8.42366125e-16   1.83444113e-17     2.204485    0.000000    sinfoni
 8.71581695e-16   1.93093227e-17     2.204736    0.000000    sinfoni
 8.96773248e-16   2.00349855e-17     2.204987    0.000000    sinfoni
 8.54160025e-16   1.91877467e-17     2.205239    0.000000    sinfoni
 8.50808847e-16   1.82842458e-17     2.205490    0.000000    sinfoni
 8.82621575e-16   1.80007132e-17     2.205742    0.000000    sinfoni
 8.52240361e-16   1.76050753e-17     2.205993    0.000000    sinfoni
 8.06793045e-16   1.74537301e-17     2.206244    0.000000    sinfoni
 8.20164393e-16   1.75931039e-17     2.206495    0.000000    sinfoni
 8.26173662e-16   1.75622225e-17     2.206747    0.000000    sinfoni
 8.58040345e-16   1.76421185e-17     2.206998    0.000000    sinfoni
 8.90946643e-16   1.77621995e-17     2.207250    0.000000    sinfoni
 9.01761216e-16   1.77544512e-17     2.207501    0.000000    sinfoni
 9.03417015e-16   1.75587634e-17     2.207752    0.000000    sinfoni
 8.73081519e-16   1.75532813e-17     2.208004    0.000000    sinfoni
 8.56936455e-16   1.74183806e-17     2.208255    0.000000    sinfoni
 8.47021800e-16   1.75242178e-17     2.208506    0.000000    sinfoni
 8.41526513e-16   1.75423674e-17     2.208758    0.000000    sinfoni
 8.46548571e-16   1.74662734e-17     2.209009    0.000000    sinfoni
 8.85930090e-16   1.75110283e-17     2.209261    0.000000    sinfoni
 8.91502738e-16   1.76117230e-17     2.209512    0.000000    sinfoni
 9.04482014e-16   1.76115258e-17     2.209763    0.000000    sinfoni
 9.01975461e-16   1.76096626e-17     2.210015    0.000000    sinfoni
 8.95757940e-16   1.77476688e-17     2.210266    0.000000    sinfoni
 8.70138795e-16   1.74141817e-17     2.210518    0.000000    sinfoni
 8.94556186e-16   1.76761589e-17     2.210769    0.000000    sinfoni
 9.09823715e-16   1.78290994e-17     2.211020    0.000000    sinfoni
 8.73200954e-16   1.75822462e-17     2.211272    0.000000    sinfoni
 8.91080645e-16   1.77341408e-17     2.211523    0.000000    sinfoni
 9.12565064e-16   1.79901142e-17     2.211775    0.000000    sinfoni
 9.54475517e-16   1.86821795e-17     2.212026    0.000000    sinfoni
 9.99754941e-16   2.09150755e-17     2.212277    0.000000    sinfoni
 9.51862555e-16   2.06970391e-17     2.212529    0.000000    sinfoni
 8.91650905e-16   1.84317293e-17     2.212780    0.000000    sinfoni
 8.68709475e-16   1.78050496e-17     2.213032    0.000000    sinfoni
 8.64579102e-16   1.76020181e-17     2.213283    0.000000    sinfoni
 8.96728734e-16   1.75112981e-17     2.213535    0.000000    sinfoni
 9.15938902e-16   1.75878192e-17     2.213786    0.000000    sinfoni
 9.06560068e-16   1.77539217e-17     2.214038    0.000000    sinfoni
 9.31664153e-16   1.77777454e-17     2.214289    0.000000    sinfoni
 9.01134713e-16   1.76966797e-17     2.214541    0.000000    sinfoni
 9.01727400e-16   1.77359459e-17     2.214792    0.000000    sinfoni
 8.97172397e-16   1.76380186e-17     2.215044    0.000000    sinfoni
 8.98844578e-16   1.75196241e-17     2.215295    0.000000    sinfoni
 8.86087723e-16   1.76845579e-17     2.215547    0.000000    sinfoni
 8.90046938e-16   1.80389958e-17     2.215798    0.000000    sinfoni
 8.94804758e-16   1.78656499e-17     2.216049    0.000000    sinfoni
 8.75394552e-16   1.83781596e-17     2.216301    0.000000    sinfoni
 9.00208215e-16   1.86067382e-17     2.216552    0.000000    sinfoni
 8.82903493e-16   1.81108839e-17     2.216804    0.000000    sinfoni
 8.72795441e-16   1.75805293e-17     2.217055    0.000000    sinfoni
 8.57636154e-16   1.74132050e-17     2.217307    0.000000    sinfoni
 8.77558637e-16   1.75780620e-17     2.217558    0.000000    sinfoni
 8.84759583e-16   1.77924570e-17     2.217810    0.000000    sinfoni
 9.15812066e-16   1.77619565e-17     2.218061    0.000000    sinfoni
 9.30597445e-16   1.77100880e-17     2.218313    0.000000    sinfoni
 9.42574577e-16   1.75717112e-17     2.218564    0.000000    sinfoni
 8.98126402e-16   1.73240256e-17     2.218816    0.000000    sinfoni
 8.45569133e-16   1.71745098e-17     2.219068    0.000000    sinfoni
 8.44441585e-16   1.72499899e-17     2.219319    0.000000    sinfoni
 8.44533453e-16   1.72222108e-17     2.219571    0.000000    sinfoni
 8.64128082e-16   1.71875362e-17     2.219822    0.000000    sinfoni
 8.57527291e-16   1.71580310e-17     2.220074    0.000000    sinfoni
 8.50540903e-16   1.73872607e-17     2.220325    0.000000    sinfoni
 8.80635483e-16   1.75035283e-17     2.220577    0.000000    sinfoni
 8.72913492e-16   1.73936445e-17     2.220828    0.000000    sinfoni
 8.59635185e-16   1.76539775e-17     2.221080    0.000000    sinfoni
 8.66381038e-16   1.82243498e-17     2.221331    0.000000    sinfoni
 8.86416509e-16   1.77402873e-17     2.221583    0.000000    sinfoni
 8.74517005e-16   1.76922833e-17     2.221834    0.000000    sinfoni
 9.06837855e-16   1.75404640e-17     2.222086    0.000000    sinfoni
 9.06230292e-16   1.75233527e-17     2.222337    0.000000    sinfoni
 9.12402659e-16   1.76567788e-17     2.222589    0.000000    sinfoni
 9.31431976e-16   1.76220033e-17     2.222841    0.000000    sinfoni
 9.07435391e-16   1.75206961e-17     2.223092    0.000000    sinfoni
 8.89818286e-16   1.74692174e-17     2.223344    0.000000    sinfoni
 8.79550503e-16   1.73135163e-17     2.223596    0.000000    sinfoni
 8.76547397e-16   1.73934097e-17     2.223847    0.000000    sinfoni
 9.06665077e-16   1.76253902e-17     2.224099    0.000000    sinfoni
 9.40208181e-16   1.79165615e-17     2.224350    0.000000    sinfoni
 9.65178945e-16   1.87192147e-17     2.224602    0.000000    sinfoni
 9.44762470e-16   1.81471067e-17     2.224853    0.000000    sinfoni
 9.23437784e-16   1.78797603e-17     2.225105    0.000000    sinfoni
 9.34333032e-16   1.77677991e-17     2.225357    0.000000    sinfoni
 9.54258455e-16   1.76272718e-17     2.225608    0.000000    sinfoni
 9.36624739e-16   1.76467295e-17     2.225860    0.000000    sinfoni
 9.31222192e-16   1.76632057e-17     2.226111    0.000000    sinfoni
 9.01800037e-16   1.78529026e-17     2.226363    0.000000    sinfoni
 8.76388268e-16   1.78453263e-17     2.226615    0.000000    sinfoni
 8.87695722e-16   1.78799918e-17     2.226866    0.000000    sinfoni
 8.97789490e-16   1.82241821e-17     2.227118    0.000000    sinfoni
 9.11348054e-16   1.75123122e-17     2.227370    0.000000    sinfoni
 8.56578365e-16   1.75266903e-17     2.227621    0.000000    sinfoni
 8.79179340e-16   1.75000107e-17     2.227873    0.000000    sinfoni
 8.78992248e-16   1.74604908e-17     2.228125    0.000000    sinfoni
 8.97672662e-16   1.74755288e-17     2.228376    0.000000    sinfoni
 8.76633500e-16   1.73652050e-17     2.228628    0.000000    sinfoni
 8.50901785e-16   1.73197754e-17     2.228880    0.000000    sinfoni
 8.55178684e-16   1.73585640e-17     2.229131    0.000000    sinfoni
 8.95459449e-16   1.72942708e-17     2.229383    0.000000    sinfoni
 8.95886531e-16   1.73288529e-17     2.229634    0.000000    sinfoni
 8.75614497e-16   1.71542997e-17     2.229886    0.000000    sinfoni
 8.72943060e-16   1.71931545e-17     2.230138    0.000000    sinfoni
 8.86978588e-16   1.75067614e-17     2.230390    0.000000    sinfoni
 9.20162463e-16   1.82201660e-17     2.230641    0.000000    sinfoni
 9.56996437e-16   1.93351064e-17     2.230893    0.000000    sinfoni
 9.45549556e-16   2.03427900e-17     2.231145    0.000000    sinfoni
 9.11244478e-16   1.95014994e-17     2.231396    0.000000    sinfoni
 9.08950643e-16   1.82746503e-17     2.231648    0.000000    sinfoni
 8.88397912e-16   1.80901133e-17     2.231900    0.000000    sinfoni
 8.83303953e-16   1.84137324e-17     2.232152    0.000000    sinfoni
 8.79100032e-16   1.80809535e-17     2.232403    0.000000    sinfoni
 9.15884632e-16   1.77251713e-17     2.232655    0.000000    sinfoni
 8.74597630e-16   1.75177348e-17     2.232907    0.000000    sinfoni
 8.71720585e-16   1.73958877e-17     2.233158    0.000000    sinfoni
 8.78208767e-16   1.80660176e-17     2.233410    0.000000    sinfoni
 8.92513585e-16   1.76463026e-17     2.233662    0.000000    sinfoni
 8.73741470e-16   1.73564278e-17     2.233913    0.000000    sinfoni
 8.79882232e-16   1.74707982e-17     2.234165    0.000000    sinfoni
 8.79567208e-16   1.85479598e-17     2.234417    0.000000    sinfoni
 8.76369461e-16   1.73536510e-17     2.234669    0.000000    sinfoni
 8.68492394e-16   1.75070220e-17     2.234920    0.000000    sinfoni
 8.77245262e-16   1.73678101e-17     2.235172    0.000000    sinfoni
 8.40978828e-16   1.73756445e-17     2.235424    0.000000    sinfoni
 8.39319096e-16   1.75223823e-17     2.235676    0.000000    sinfoni
 8.60340060e-16   1.75977776e-17     2.235927    0.000000    sinfoni
 8.74795660e-16   1.78071188e-17     2.236179    0.000000    sinfoni
 8.55257528e-16   1.78743822e-17     2.236431    0.000000    sinfoni
 8.81251430e-16   1.75574731e-17     2.236683    0.000000    sinfoni
 9.24167413e-16   1.74725111e-17     2.236934    0.000000    sinfoni
 9.16414177e-16   1.76828719e-17     2.237186    0.000000    sinfoni
 9.20231884e-16   1.81178758e-17     2.237438    0.000000    sinfoni
 9.10334174e-16   1.81704112e-17     2.237690    0.000000    sinfoni
 9.04939130e-16   1.77790550e-17     2.237942    0.000000    sinfoni
 8.78697713e-16   1.72806002e-17     2.238193    0.000000    sinfoni
 8.97524281e-16   1.68323963e-17     2.238445    0.000000    sinfoni
 8.93010724e-16   1.73185825e-17     2.238697    0.000000    sinfoni
 8.86210583e-16   1.72606728e-17     2.238949    0.000000    sinfoni
 8.72222444e-16   1.71428538e-17     2.239200    0.000000    sinfoni
 9.05247452e-16   1.74316246e-17     2.239452    0.000000    sinfoni
 9.28555045e-16   1.74520538e-17     2.239704    0.000000    sinfoni
 9.13224488e-16   1.76612899e-17     2.239956    0.000000    sinfoni
 9.19733089e-16   1.81564923e-17     2.240208    0.000000    sinfoni
 9.11555268e-16   1.80893730e-17     2.240460    0.000000    sinfoni
 9.27018225e-16   1.82617882e-17     2.240711    0.000000    sinfoni
 9.10102304e-16   1.82603509e-17     2.240963    0.000000    sinfoni
 9.19740907e-16   1.81111502e-17     2.241215    0.000000    sinfoni
 9.15088739e-16   1.83238509e-17     2.241467    0.000000    sinfoni
 8.94399677e-16   1.86574996e-17     2.241718    0.000000    sinfoni
 8.47664997e-16   1.83968423e-17     2.241970    0.000000    sinfoni
 9.05400892e-16   1.75804200e-17     2.242222    0.000000    sinfoni
 9.08844989e-16   1.74728410e-17     2.242474    0.000000    sinfoni
 8.63322132e-16   1.74497353e-17     2.242726    0.000000    sinfoni
 8.75421616e-16   1.71836072e-17     2.242978    0.000000    sinfoni
 8.88149754e-16   1.74081954e-17     2.243229    0.000000    sinfoni
 8.67852489e-16   1.76665316e-17     2.243481    0.000000    sinfoni
 8.57598724e-16   1.79746617e-17     2.243733    0.000000    sinfoni
 9.05231624e-16   1.80629009e-17     2.243985    0.000000    sinfoni
 8.81931246e-16   1.78389166e-17     2.244237    0.000000    sinfoni
 8.93187864e-16   1.71523430e-17     2.244489    0.000000    sinfoni
 8.66151798e-16   1.69597007e-17     2.244741    0.000000    sinfoni
 8.91287295e-16   1.71258022e-17     2.244993    0.000000    sinfoni
 9.17123368e-16   1.71174709e-17     2.245244    0.000000    sinfoni
 9.45672548e-16   1.74620666e-17     2.245496    0.000000    sinfoni
 9.59125443e-16   1.83677989e-17     2.245749    0.000000    sinfoni
 9.34654376e-16   1.83623073e-17     2.246000    0.000000    sinfoni
 9.19251539e-16   1.80756610e-17     2.246252    0.000000    sinfoni
 8.86950290e-16   1.77276226e-17     2.246504    0.000000    sinfoni
 8.73520067e-16   1.81804855e-17     2.246756    0.000000    sinfoni
 9.07041345e-16   1.87817854e-17     2.247008    0.000000    sinfoni
 8.89567627e-16   1.79913754e-17     2.247260    0.000000    sinfoni
 8.72882323e-16   1.73246617e-17     2.247512    0.000000    sinfoni
 8.76824989e-16   1.73543864e-17     2.247764    0.000000    sinfoni
 8.93474494e-16   1.73839706e-17     2.248016    0.000000    sinfoni
 8.89713747e-16   1.73284586e-17     2.248268    0.000000    sinfoni
 8.93653778e-16   1.72724009e-17     2.248519    0.000000    sinfoni
 9.38107451e-16   1.76514007e-17     2.248771    0.000000    sinfoni
 9.38643057e-16   1.76484852e-17     2.249023    0.000000    sinfoni
 9.03833090e-16   1.74116764e-17     2.249275    0.000000    sinfoni
 8.79915849e-16   1.74892224e-17     2.249527    0.000000    sinfoni
 8.81369418e-16   1.73065967e-17     2.249779    0.000000    sinfoni
 8.62203155e-16   1.72400025e-17     2.250031    0.000000    sinfoni
 8.39402353e-16   1.74321507e-17     2.250283    0.000000    sinfoni
 8.76065449e-16   1.75097992e-17     2.250535    0.000000    sinfoni
 9.00039728e-16   1.75264752e-17     2.250787    0.000000    sinfoni
 9.10183391e-16   1.74487331e-17     2.251039    0.000000    sinfoni
 9.38774929e-16   1.78433690e-17     2.251291    0.000000    sinfoni
 9.27238294e-16   1.82858123e-17     2.251543    0.000000    sinfoni
 8.72429036e-16   1.80350158e-17     2.251795    0.000000    sinfoni
 8.80709791e-16   1.78860753e-17     2.252047    0.000000    sinfoni
 9.08483897e-16   1.79379477e-17     2.252299    0.000000    sinfoni
 9.09538757e-16   1.75478696e-17     2.252551    0.000000    sinfoni
 8.77926113e-16   1.77192157e-17     2.252803    0.000000    sinfoni
 9.20280573e-16   1.81445421e-17     2.253055    0.000000    sinfoni
 9.01037455e-16   1.79488992e-17     2.253307    0.000000    sinfoni
 9.04190984e-16   1.78875589e-17     2.253559    0.000000    sinfoni
 8.86250949e-16   1.82591153e-17     2.253811    0.000000    sinfoni
 8.71693288e-16   1.77475015e-17     2.254063    0.000000    sinfoni
 8.69790025e-16   1.75457287e-17     2.254315    0.000000    sinfoni
 8.48170927e-16   1.73606560e-17     2.254567    0.000000    sinfoni
 8.49070714e-16   1.71083855e-17     2.254819    0.000000    sinfoni
 8.46564897e-16   1.70487939e-17     2.255071    0.000000    sinfoni
 8.79261594e-16   1.76885001e-17     2.255323    0.000000    sinfoni
 8.96185196e-16   1.78859989e-17     2.255575    0.000000    sinfoni
 8.78447056e-16   1.77181824e-17     2.255827    0.000000    sinfoni
 8.85013028e-16   1.72278980e-17     2.256079    0.000000    sinfoni
 8.80139844e-16   1.76104389e-17     2.256331    0.000000    sinfoni
 9.06927529e-16   1.84381571e-17     2.256583    0.000000    sinfoni
 9.31052301e-16   1.86932611e-17     2.256835    0.000000    sinfoni
 9.14887096e-16   1.78261436e-17     2.257087    0.000000    sinfoni
 8.84195933e-16   1.74021103e-17     2.257339    0.000000    sinfoni
 8.42862903e-16   1.72286927e-17     2.257591    0.000000    sinfoni
 8.20500702e-16   1.70176029e-17     2.257843    0.000000    sinfoni
 8.58662802e-16   1.71997857e-17     2.258095    0.000000    sinfoni
 8.84841954e-16   1.74625161e-17     2.258348    0.000000    sinfoni
 8.97581932e-16   1.71673400e-17     2.258600    0.000000    sinfoni
 9.44145208e-16   1.71215580e-17     2.258852    0.000000    sinfoni
 9.32526571e-16   1.71195805e-17     2.259104    0.000000    sinfoni
 8.84491259e-16   1.70166665e-17     2.259355    0.000000    sinfoni
 8.90322045e-16   1.71560021e-17     2.259608    0.000000    sinfoni
 8.99090523e-16   1.76407654e-17     2.259860    0.000000    sinfoni
 8.83551882e-16   1.74670265e-17     2.260112    0.000000    sinfoni
 8.70132905e-16   1.71694908e-17     2.260364    0.000000    sinfoni
 8.77073390e-16   1.76135678e-17     2.260616    0.000000    sinfoni
 8.95185175e-16   1.85297223e-17     2.260868    0.000000    sinfoni
 9.09335035e-16   1.81687759e-17     2.261121    0.000000    sinfoni
 8.51184772e-16   1.79964780e-17     2.261372    0.000000    sinfoni
 8.82369230e-16   1.88513589e-17     2.261625    0.000000    sinfoni
 8.82782018e-16   1.86845527e-17     2.261877    0.000000    sinfoni
 8.73450136e-16   1.84126418e-17     2.262129    0.000000    sinfoni
 8.89944253e-16   1.80610631e-17     2.262381    0.000000    sinfoni
 8.80288431e-16   1.70935670e-17     2.262633    0.000000    sinfoni
 8.97196544e-16   1.67260389e-17     2.262885    0.000000    sinfoni
 8.46528896e-16   1.68697218e-17     2.263138    0.000000    sinfoni
 8.42311177e-16   1.77284268e-17     2.263389    0.000000    sinfoni
 8.88354566e-16   1.78918910e-17     2.263642    0.000000    sinfoni
 8.50430689e-16   1.74161539e-17     2.263894    0.000000    sinfoni
 8.59556164e-16   1.73747357e-17     2.264146    0.000000    sinfoni
 8.39784949e-16   1.75402307e-17     2.264398    0.000000    sinfoni
 8.46106634e-16   1.85571503e-17     2.264651    0.000000    sinfoni
 8.77651184e-16   1.80867399e-17     2.264903    0.000000    sinfoni
 8.97893966e-16   1.74694080e-17     2.265155    0.000000    sinfoni
 8.82413071e-16   1.70322782e-17     2.265407    0.000000    sinfoni
 8.81851104e-16   1.67765133e-17     2.265659    0.000000    sinfoni
 8.85511464e-16   1.67504649e-17     2.265911    0.000000    sinfoni
 9.03528755e-16   1.69524943e-17     2.266163    0.000000    sinfoni
 8.67081069e-16   1.68721601e-17     2.266416    0.000000    sinfoni
 8.52306394e-16   1.70005838e-17     2.266668    0.000000    sinfoni
 8.88812908e-16   1.71339860e-17     2.266920    0.000000    sinfoni
 8.88944124e-16   1.72122356e-17     2.267172    0.000000    sinfoni
 8.65795446e-16   1.71867352e-17     2.267425    0.000000    sinfoni
 8.58117057e-16   1.74450614e-17     2.267677    0.000000    sinfoni
 8.78030550e-16   1.76752527e-17     2.267929    0.000000    sinfoni
 9.00001400e-16   1.84894536e-17     2.268181    0.000000    sinfoni
 8.90684845e-16   1.95144808e-17     2.268433    0.000000    sinfoni
 8.63061365e-16   1.89161820e-17     2.268685    0.000000    sinfoni
 8.54186711e-16   1.79335918e-17     2.268938    0.000000    sinfoni
 8.70315408e-16   1.71680233e-17     2.269190    0.000000    sinfoni
 8.86495761e-16   1.70211637e-17     2.269442    0.000000    sinfoni
 8.79281627e-16   1.69261139e-17     2.269695    0.000000    sinfoni
 8.93764389e-16   1.75380573e-17     2.269947    0.000000    sinfoni
 8.64655364e-16   1.81022180e-17     2.270199    0.000000    sinfoni
 8.48894427e-16   1.71477074e-17     2.270451    0.000000    sinfoni
 8.79732632e-16   1.65387311e-17     2.270703    0.000000    sinfoni
 8.66823629e-16   1.66193177e-17     2.270956    0.000000    sinfoni
 9.04794487e-16   1.70542503e-17     2.271208    0.000000    sinfoni
 8.94846528e-16   1.71018301e-17     2.271460    0.000000    sinfoni
 8.61042968e-16   1.70246893e-17     2.271713    0.000000    sinfoni
 8.40565241e-16   1.71931843e-17     2.271965    0.000000    sinfoni
 8.19668187e-16   1.80749507e-17     2.272217    0.000000    sinfoni
 8.43469794e-16   1.77608428e-17     2.272469    0.000000    sinfoni
 8.73480433e-16   1.69737705e-17     2.272722    0.000000    sinfoni
 8.64741773e-16   1.67045807e-17     2.272974    0.000000    sinfoni
 8.59484249e-16   1.70458597e-17     2.273226    0.000000    sinfoni
 8.57405754e-16   1.72148187e-17     2.273478    0.000000    sinfoni
 8.79347053e-16   1.68133285e-17     2.273731    0.000000    sinfoni
 8.51717126e-16   1.67893318e-17     2.273983    0.000000    sinfoni
 8.56274242e-16   1.70455109e-17     2.274235    0.000000    sinfoni
 8.37022773e-16   1.73628790e-17     2.274488    0.000000    sinfoni
 8.47458664e-16   1.76663328e-17     2.274740    0.000000    sinfoni
 9.28102879e-16   1.77518348e-17     2.274992    0.000000    sinfoni
 9.33837449e-16   1.92535544e-17     2.275245    0.000000    sinfoni
 9.17293062e-16   2.00008529e-17     2.275497    0.000000    sinfoni
 9.14376218e-16   1.95113132e-17     2.275749    0.000000    sinfoni
 8.71700276e-16   1.78285219e-17     2.276002    0.000000    sinfoni
 8.34474107e-16   1.77736211e-17     2.276254    0.000000    sinfoni
 8.80850606e-16   1.74052000e-17     2.276507    0.000000    sinfoni
 8.91779641e-16   1.76610922e-17     2.276759    0.000000    sinfoni
 9.09367012e-16   1.80205213e-17     2.277011    0.000000    sinfoni
 9.16287214e-16   1.73661736e-17     2.277264    0.000000    sinfoni
 8.98806469e-16   1.68913647e-17     2.277516    0.000000    sinfoni
 8.71934128e-16   1.67225216e-17     2.277768    0.000000    sinfoni
 8.71902759e-16   1.70819279e-17     2.278020    0.000000    sinfoni
 8.87789136e-16   1.68283116e-17     2.278273    0.000000    sinfoni
 8.47728114e-16   1.67945821e-17     2.278525    0.000000    sinfoni
 8.63134102e-16   1.67026070e-17     2.278777    0.000000    sinfoni
 8.66267673e-16   1.66737178e-17     2.279030    0.000000    sinfoni
 8.66598228e-16   1.64923762e-17     2.279282    0.000000    sinfoni
 8.80136734e-16   1.65248615e-17     2.279535    0.000000    sinfoni
 8.96451537e-16   1.65182260e-17     2.279787    0.000000    sinfoni
 8.62526385e-16   1.67608800e-17     2.280039    0.000000    sinfoni
 8.08799278e-16   1.75487777e-17     2.280292    0.000000    sinfoni
 8.11744400e-16   1.80634655e-17     2.280544    0.000000    sinfoni
 7.88687818e-16   1.74623924e-17     2.280797    0.000000    sinfoni
 8.42773034e-16   1.68342628e-17     2.281049    0.000000    sinfoni
 9.00778606e-16   1.70963995e-17     2.281302    0.000000    sinfoni
 8.99079472e-16   1.70724150e-17     2.281554    0.000000    sinfoni
 8.97720046e-16   1.68781112e-17     2.281806    0.000000    sinfoni
 8.94024998e-16   1.67141306e-17     2.282059    0.000000    sinfoni
 8.95618891e-16   1.76468532e-17     2.282311    0.000000    sinfoni
 9.05702459e-16   1.91265270e-17     2.282563    0.000000    sinfoni
 8.65468821e-16   1.99742464e-17     2.282816    0.000000    sinfoni
 8.40932278e-16   1.78467420e-17     2.283069    0.000000    sinfoni
 8.35612936e-16   1.68738204e-17     2.283321    0.000000    sinfoni
 8.75624272e-16   1.73399284e-17     2.283573    0.000000    sinfoni
 8.49400338e-16   1.85129206e-17     2.283826    0.000000    sinfoni
 8.64293462e-16   1.76289019e-17     2.284078    0.000000    sinfoni
 8.38304353e-16   1.66912945e-17     2.284331    0.000000    sinfoni
 8.21276688e-16   1.66114379e-17     2.284583    0.000000    sinfoni
 8.65984570e-16   1.71142063e-17     2.284836    0.000000    sinfoni
 8.79646963e-16   1.78915520e-17     2.285088    0.000000    sinfoni
 9.05867153e-16   1.77992905e-17     2.285341    0.000000    sinfoni
 8.98058089e-16   1.70909988e-17     2.285593    0.000000    sinfoni
 8.56494029e-16   1.66889848e-17     2.285846    0.000000    sinfoni
 8.94889718e-16   1.66932706e-17     2.286098    0.000000    sinfoni
 8.98228145e-16   1.70325579e-17     2.286351    0.000000    sinfoni
 9.11490113e-16   1.71287411e-17     2.286603    0.000000    sinfoni
 8.91522861e-16   1.68460346e-17     2.286855    0.000000    sinfoni
 8.82985968e-16   1.65614705e-17     2.287108    0.000000    sinfoni
 9.00198974e-16   1.67269342e-17     2.287360    0.000000    sinfoni
 8.87297797e-16   1.69135659e-17     2.287613    0.000000    sinfoni
 8.98920792e-16   1.66702466e-17     2.287866    0.000000    sinfoni
 9.23439170e-16   1.68740231e-17     2.288118    0.000000    sinfoni
 8.94761049e-16   1.67302617e-17     2.288370    0.000000    sinfoni
 8.50261935e-16   1.65235434e-17     2.288623    0.000000    sinfoni
 8.51135579e-16   1.77759106e-17     2.288876    0.000000    sinfoni
 8.52869469e-16   1.73978815e-17     2.289128    0.000000    sinfoni
 8.87145657e-16   1.87647178e-17     2.289381    0.000000    sinfoni
 8.86320996e-16   1.90560627e-17     2.289633    0.000000    sinfoni
 8.87804770e-16   1.90652851e-17     2.289886    0.000000    sinfoni
 9.08962741e-16   1.85143751e-17     2.290138    0.000000    sinfoni
 8.98901909e-16   1.73233496e-17     2.290391    0.000000    sinfoni
 9.14803618e-16   1.70153895e-17     2.290643    0.000000    sinfoni
 9.28351863e-16   1.74904199e-17     2.290896    0.000000    sinfoni
 9.12508821e-16   1.72363502e-17     2.291149    0.000000    sinfoni
 8.74072234e-16   1.69837671e-17     2.291401    0.000000    sinfoni
 8.36156293e-16   1.67657247e-17     2.291653    0.000000    sinfoni
 8.19200354e-16   1.71731248e-17     2.291906    0.000000    sinfoni
 8.35322692e-16   1.78258349e-17     2.292159    0.000000    sinfoni
 8.74682342e-16   1.79543194e-17     2.292411    0.000000    sinfoni
 8.74653396e-16   1.70295566e-17     2.292664    0.000000    sinfoni
 8.28085367e-16   1.64651677e-17     2.292917    0.000000    sinfoni
 8.01547892e-16   1.63887625e-17     2.293169    0.000000    sinfoni
 7.19892765e-16   1.64059771e-17     2.293422    0.000000    sinfoni
 6.25573036e-16   1.66969480e-17     2.293674    0.000000    sinfoni
 6.61785624e-16   1.62207742e-17     2.293927    0.000000    sinfoni
 6.78695014e-16   1.59034635e-17     2.294180    0.000000    sinfoni
 6.96359227e-16   1.63399613e-17     2.294432    0.000000    sinfoni
 6.96675463e-16   1.71590266e-17     2.294685    0.000000    sinfoni
 6.87136619e-16   1.71761887e-17     2.294937    0.000000    sinfoni
 6.93141120e-16   1.70832718e-17     2.295190    0.000000    sinfoni
 7.08436418e-16   1.75784171e-17     2.295443    0.000000    sinfoni
 7.18105935e-16   1.76101078e-17     2.295695    0.000000    sinfoni
 7.34809813e-16   1.76161966e-17     2.295948    0.000000    sinfoni
 7.16295790e-16   1.77700707e-17     2.296200    0.000000    sinfoni
 7.06986849e-16   1.74927321e-17     2.296453    0.000000    sinfoni
 7.34129650e-16   1.64370227e-17     2.296706    0.000000    sinfoni
 8.06651645e-16   1.61661216e-17     2.296959    0.000000    sinfoni
 7.85008177e-16   1.61251759e-17     2.297211    0.000000    sinfoni
 8.23937812e-16   1.65013816e-17     2.297464    0.000000    sinfoni
 7.75299247e-16   1.66589585e-17     2.297716    0.000000    sinfoni
 7.37364155e-16   1.73756642e-17     2.297969    0.000000    sinfoni
 7.50212662e-16   1.86617492e-17     2.298222    0.000000    sinfoni
 7.55535097e-16   1.85806311e-17     2.298475    0.000000    sinfoni
 8.16205898e-16   1.79666474e-17     2.298727    0.000000    sinfoni
 7.83503229e-16   1.70198979e-17     2.298980    0.000000    sinfoni
 7.65925271e-16   1.73587216e-17     2.299232    0.000000    sinfoni
 8.12442730e-16   1.67450004e-17     2.299485    0.000000    sinfoni
 7.78758828e-16   1.67948992e-17     2.299738    0.000000    sinfoni
 8.05786519e-16   1.81173769e-17     2.299991    0.000000    sinfoni
 8.28061429e-16   1.79884355e-17     2.300243    0.000000    sinfoni
 7.61782815e-16   1.79288973e-17     2.300496    0.000000    sinfoni
 7.72223124e-16   1.74540110e-17     2.300749    0.000000    sinfoni
 7.77075477e-16   1.67324647e-17     2.301001    0.000000    sinfoni
 7.21190593e-16   1.61199752e-17     2.301254    0.000000    sinfoni
 7.57413619e-16   1.62183530e-17     2.301507    0.000000    sinfoni
 8.42037217e-16   1.65481474e-17     2.301760    0.000000    sinfoni
 8.19011842e-16   1.70526928e-17     2.302012    0.000000    sinfoni
 8.31521465e-16   1.70073643e-17     2.302265    0.000000    sinfoni
 8.42496037e-16   1.70640495e-17     2.302518    0.000000    sinfoni
 7.74031038e-16   1.66161017e-17     2.302771    0.000000    sinfoni
 7.47671777e-16   1.66519887e-17     2.303023    0.000000    sinfoni
 7.98776558e-16   1.74274569e-17     2.303276    0.000000    sinfoni
 7.95675308e-16   1.79515734e-17     2.303529    0.000000    sinfoni
 7.61330557e-16   1.75060780e-17     2.303781    0.000000    sinfoni
 8.11764778e-16   1.73536089e-17     2.304034    0.000000    sinfoni
 8.86596665e-16   1.83644438e-17     2.304287    0.000000    sinfoni
 8.74767996e-16   1.79070235e-17     2.304540    0.000000    sinfoni
 7.66614138e-16   1.72429514e-17     2.304793    0.000000    sinfoni
 7.90231369e-16   1.64612803e-17     2.305046    0.000000    sinfoni
 7.97779078e-16   1.70635916e-17     2.305298    0.000000    sinfoni
 7.56879013e-16   1.64652125e-17     2.305551    0.000000    sinfoni
 7.34691838e-16   1.62410715e-17     2.305804    0.000000    sinfoni
 8.22933825e-16   1.65282668e-17     2.306056    0.000000    sinfoni
 8.26340602e-16   1.67499800e-17     2.306309    0.000000    sinfoni
 7.72637156e-16   1.61042772e-17     2.306562    0.000000    sinfoni
 7.68219392e-16   1.59698232e-17     2.306815    0.000000    sinfoni
 8.45737217e-16   1.64620193e-17     2.307068    0.000000    sinfoni
 8.14856894e-16   1.78950813e-17     2.307321    0.000000    sinfoni
 7.53399740e-16   1.68959096e-17     2.307574    0.000000    sinfoni
 7.50958227e-16   1.62838726e-17     2.307826    0.000000    sinfoni
 8.40394517e-16   1.63123557e-17     2.308079    0.000000    sinfoni
 8.62845270e-16   1.65122267e-17     2.308332    0.000000    sinfoni
 8.40065314e-16   1.64265040e-17     2.308585    0.000000    sinfoni
 7.80569844e-16   1.61924418e-17     2.308838    0.000000    sinfoni
 7.61350658e-16   1.61855253e-17     2.309090    0.000000    sinfoni
 8.23732767e-16   1.62873055e-17     2.309343    0.000000    sinfoni
 7.92625039e-16   1.61740231e-17     2.309596    0.000000    sinfoni
 7.48986622e-16   1.61193565e-17     2.309849    0.000000    sinfoni
 7.58331300e-16   1.59397169e-17     2.310102    0.000000    sinfoni
 8.11440155e-16   1.58683448e-17     2.310355    0.000000    sinfoni
 8.21480432e-16   1.57842798e-17     2.310607    0.000000    sinfoni
 7.95827926e-16   1.56361195e-17     2.310860    0.000000    sinfoni
 7.27128914e-16   1.53226198e-17     2.311113    0.000000    sinfoni
 7.22715710e-16   1.55375093e-17     2.311366    0.000000    sinfoni
 7.43126862e-16   1.55969225e-17     2.311619    0.000000    sinfoni
 7.91622522e-16   1.59047297e-17     2.311872    0.000000    sinfoni
 7.95080848e-16   1.62762634e-17     2.312125    0.000000    sinfoni
 7.62967572e-16   1.60280851e-17     2.312378    0.000000    sinfoni
 7.94357240e-16   1.58380123e-17     2.312630    0.000000    sinfoni
 8.24981528e-16   1.57924426e-17     2.312883    0.000000    sinfoni
 8.07099788e-16   1.58004691e-17     2.313137    0.000000    sinfoni
 8.32166363e-16   1.58271643e-17     2.313389    0.000000    sinfoni
 7.79473162e-16   1.54437053e-17     2.313642    0.000000    sinfoni
 7.58995987e-16   1.55534267e-17     2.313895    0.000000    sinfoni
 7.72678980e-16   1.55226718e-17     2.314148    0.000000    sinfoni
 7.83465332e-16   1.55080611e-17     2.314401    0.000000    sinfoni
 7.50152419e-16   1.54686197e-17     2.314654    0.000000    sinfoni
 7.23971957e-16   1.55085584e-17     2.314907    0.000000    sinfoni
 7.61902576e-16   1.56520501e-17     2.315160    0.000000    sinfoni
 8.13861975e-16   1.59626376e-17     2.315413    0.000000    sinfoni
 8.07364060e-16   1.66418714e-17     2.315666    0.000000    sinfoni
 7.80590130e-16   1.75123879e-17     2.315919    0.000000    sinfoni
 7.19756978e-16   1.78334801e-17     2.316172    0.000000    sinfoni
 6.79409685e-16   1.93380677e-17     2.316424    0.000000    sinfoni
 7.58765231e-16   2.20412908e-17     2.316677    0.000000    sinfoni
 7.83860736e-16   2.29368755e-17     2.316930    0.000000    sinfoni
 8.03068268e-16   2.09589474e-17     2.317184    0.000000    sinfoni
 7.57737492e-16   1.94438851e-17     2.317436    0.000000    sinfoni
 7.00638637e-16   1.97307390e-17     2.317689    0.000000    sinfoni
 7.59343741e-16   1.88496299e-17     2.317942    0.000000    sinfoni
 7.69911430e-16   1.81703377e-17     2.318195    0.000000    sinfoni
 7.91105983e-16   1.82116970e-17     2.318448    0.000000    sinfoni
 8.34326449e-16   1.78993898e-17     2.318701    0.000000    sinfoni
 7.80680161e-16   1.69202585e-17     2.318954    0.000000    sinfoni
 7.60269093e-16   1.68371768e-17     2.319207    0.000000    sinfoni
 8.00437393e-16   1.73512023e-17     2.319460    0.000000    sinfoni
 8.26106094e-16   1.72033332e-17     2.319713    0.000000    sinfoni
 8.34219656e-16   1.68548543e-17     2.319966    0.000000    sinfoni
 7.91478366e-16   1.65575931e-17     2.320219    0.000000    sinfoni
 7.27981229e-16   1.65934464e-17     2.320472    0.000000    sinfoni
 7.31311379e-16   1.64426075e-17     2.320725    0.000000    sinfoni
 7.73430208e-16   1.64713851e-17     2.320978    0.000000    sinfoni
 7.60487738e-16   1.63781461e-17     2.321231    0.000000    sinfoni
 7.88770920e-16   1.67790165e-17     2.321484    0.000000    sinfoni
 7.77318649e-16   1.72953480e-17     2.321737    0.000000    sinfoni
 7.13654089e-16   1.65623442e-17     2.321991    0.000000    sinfoni
 7.06750175e-16   1.62078104e-17     2.322244    0.000000    sinfoni
 6.89069745e-16   1.62413110e-17     2.322497    0.000000    sinfoni
 6.21886530e-16   1.59800536e-17     2.322750    0.000000    sinfoni
 6.03103805e-16   1.56891428e-17     2.323003    0.000000    sinfoni
 6.03844201e-16   1.53384830e-17     2.323256    0.000000    sinfoni
 6.27703489e-16   1.53540681e-17     2.323509    0.000000    sinfoni
 6.57751359e-16   1.56550845e-17     2.323762    0.000000    sinfoni
 7.02481398e-16   1.54885188e-17     2.324015    0.000000    sinfoni
 7.42897485e-16   1.56605261e-17     2.324268    0.000000    sinfoni
 7.38443959e-16   1.56660288e-17     2.324521    0.000000    sinfoni
 7.13718911e-16   1.56755025e-17     2.324774    0.000000    sinfoni
 7.03555473e-16   1.58701609e-17     2.325028    0.000000    sinfoni
 7.06897321e-16   1.65968102e-17     2.325281    0.000000    sinfoni
 7.35187468e-16   1.61099452e-17     2.325534    0.000000    sinfoni
 6.52435333e-16   1.52397338e-17     2.325787    0.000000    sinfoni
 6.44222485e-16   1.55194658e-17     2.326040    0.000000    sinfoni
 6.80760037e-16   1.61333247e-17     2.326293    0.000000    sinfoni
 7.30345112e-16   1.59440436e-17     2.326546    0.000000    sinfoni
 7.02777588e-16   1.53924757e-17     2.326799    0.000000    sinfoni
 7.34468634e-16   1.52817348e-17     2.327052    0.000000    sinfoni
 7.44511446e-16   1.54350686e-17     2.327306    0.000000    sinfoni
 7.62237941e-16   1.55302778e-17     2.327559    0.000000    sinfoni
 7.12740413e-16   1.55290828e-17     2.327812    0.000000    sinfoni
 7.07442801e-16   1.60319261e-17     2.328065    0.000000    sinfoni
 7.01314579e-16   1.77629697e-17     2.328318    0.000000    sinfoni
 6.69724114e-16   1.72911328e-17     2.328571    0.000000    sinfoni
 6.84486861e-16   1.61155653e-17     2.328825    0.000000    sinfoni
 7.26420187e-16   1.58977540e-17     2.329078    0.000000    sinfoni
 7.48976383e-16   1.58429982e-17     2.329331    0.000000    sinfoni
 7.71761553e-16   1.55081960e-17     2.329584    0.000000    sinfoni
 7.71294257e-16   1.51851443e-17     2.329837    0.000000    sinfoni
 6.90897919e-16   1.49611085e-17     2.330090    0.000000    sinfoni
 6.52802543e-16   1.51426502e-17     2.330343    0.000000    sinfoni
 6.35380904e-16   1.53828694e-17     2.330597    0.000000    sinfoni
 6.82540410e-16   1.55929898e-17     2.330850    0.000000    sinfoni
 6.84764813e-16   1.57696558e-17     2.331103    0.000000    sinfoni
 7.25201336e-16   1.61508048e-17     2.331356    0.000000    sinfoni
 7.05084446e-16   1.66998980e-17     2.331610    0.000000    sinfoni
 6.81409444e-16   1.62893424e-17     2.331863    0.000000    sinfoni
 7.34096248e-16   1.62444801e-17     2.332116    0.000000    sinfoni
 7.75974137e-16   1.60084171e-17     2.332369    0.000000    sinfoni
 7.49647577e-16   1.59536280e-17     2.332622    0.000000    sinfoni
 7.39063856e-16   1.56948017e-17     2.332875    0.000000    sinfoni
 7.56253227e-16   1.54744825e-17     2.333129    0.000000    sinfoni
 7.49588577e-16   1.56977342e-17     2.333382    0.000000    sinfoni
 6.96173202e-16   1.55946023e-17     2.333635    0.000000    sinfoni
 7.11972127e-16   1.61892342e-17     2.333888    0.000000    sinfoni
 7.26526408e-16   1.58592013e-17     2.334142    0.000000    sinfoni
 7.21960398e-16   1.59400818e-17     2.334395    0.000000    sinfoni
 7.03101106e-16   1.64429822e-17     2.334648    0.000000    sinfoni
 6.93338972e-16   1.64158407e-17     2.334901    0.000000    sinfoni
 7.18443974e-16   1.58279981e-17     2.335155    0.000000    sinfoni
 6.91593927e-16   1.55316792e-17     2.335408    0.000000    sinfoni
 6.60807651e-16   1.58909243e-17     2.335661    0.000000    sinfoni
 7.37116466e-16   1.75585970e-17     2.335914    0.000000    sinfoni
 7.71945829e-16   1.67591101e-17     2.336168    0.000000    sinfoni
 7.35794610e-16   1.57735236e-17     2.336421    0.000000    sinfoni
 7.07004829e-16   1.56973721e-17     2.336674    0.000000    sinfoni
 7.09727044e-16   1.55514261e-17     2.336928    0.000000    sinfoni
 7.36246960e-16   1.56101482e-17     2.337181    0.000000    sinfoni
 7.34595573e-16   1.57334808e-17     2.337434    0.000000    sinfoni
 7.44802510e-16   1.59297166e-17     2.337688    0.000000    sinfoni
 6.95507194e-16   1.64899047e-17     2.337941    0.000000    sinfoni
 7.12594008e-16   1.68745739e-17     2.338194    0.000000    sinfoni
 7.07779477e-16   1.65498477e-17     2.338448    0.000000    sinfoni
 7.00460562e-16   1.63853730e-17     2.338701    0.000000    sinfoni
 7.02960046e-16   1.59187128e-17     2.338954    0.000000    sinfoni
 6.74653993e-16   1.56919425e-17     2.339208    0.000000    sinfoni
 6.92063504e-16   1.63655941e-17     2.339461    0.000000    sinfoni
 6.96842672e-16   1.77571187e-17     2.339714    0.000000    sinfoni
 6.80497591e-16   1.81155963e-17     2.339967    0.000000    sinfoni
 6.58905274e-16   1.76914142e-17     2.340221    0.000000    sinfoni
 6.84024743e-16   1.66743761e-17     2.340474    0.000000    sinfoni
 7.16816964e-16   1.68181927e-17     2.340728    0.000000    sinfoni
 7.14778464e-16   1.71092209e-17     2.340981    0.000000    sinfoni
 6.81383758e-16   1.72141540e-17     2.341234    0.000000    sinfoni
 6.86970556e-16   1.63924676e-17     2.341488    0.000000    sinfoni
 6.89876647e-16   1.62577586e-17     2.341741    0.000000    sinfoni
 7.14744194e-16   1.65290737e-17     2.341994    0.000000    sinfoni
 7.69630419e-16   1.64419994e-17     2.342248    0.000000    sinfoni
 7.59301659e-16   1.59380291e-17     2.342501    0.000000    sinfoni
 7.40570508e-16   1.60146549e-17     2.342754    0.000000    sinfoni
 7.46114289e-16   1.61075692e-17     2.343008    0.000000    sinfoni
 7.24876075e-16   1.65469516e-17     2.343261    0.000000    sinfoni
 6.66048331e-16   1.64046916e-17     2.343515    0.000000    sinfoni
 6.87631147e-16   1.59078318e-17     2.343768    0.000000    sinfoni
 7.08882098e-16   1.55073183e-17     2.344021    0.000000    sinfoni
 7.14793244e-16   1.56733704e-17     2.344275    0.000000    sinfoni
 6.65600079e-16   1.65311231e-17     2.344528    0.000000    sinfoni
 6.27713245e-16   1.68104503e-17     2.344782    0.000000    sinfoni
 6.34615579e-16   1.64478452e-17     2.345035    0.000000    sinfoni
 6.53211582e-16   1.63824726e-17     2.345289    0.000000    sinfoni
 6.94475297e-16   1.66249234e-17     2.345542    0.000000    sinfoni
 7.68083942e-16   1.62845426e-17     2.345796    0.000000    sinfoni
 7.63924543e-16   1.59153266e-17     2.346049    0.000000    sinfoni
 7.50196243e-16   1.67835786e-17     2.346303    0.000000    sinfoni
 7.13978201e-16   1.82500993e-17     2.346556    0.000000    sinfoni
 6.93410809e-16   1.62344976e-17     2.346809    0.000000    sinfoni
 7.26800201e-16   1.61027557e-17     2.347063    0.000000    sinfoni
 7.02853183e-16   1.69484783e-17     2.347316    0.000000    sinfoni
 7.07292072e-16   1.72406033e-17     2.347570    0.000000    sinfoni
 7.35216339e-16   1.77459112e-17     2.347823    0.000000    sinfoni
 7.30304482e-16   1.77727644e-17     2.348077    0.000000    sinfoni
 7.49947688e-16   1.74631350e-17     2.348330    0.000000    sinfoni
 7.58915436e-16   1.63327911e-17     2.348584    0.000000    sinfoni
 7.54053018e-16   1.63872353e-17     2.348837    0.000000    sinfoni
 7.39525470e-16   1.66901110e-17     2.349091    0.000000    sinfoni
 6.91490474e-16   1.64234820e-17     2.349344    0.000000    sinfoni
 6.18548083e-16   1.62746368e-17     2.349597    0.000000    sinfoni
 6.70976270e-16   1.63906246e-17     2.349851    0.000000    sinfoni
 7.19463107e-16   1.77469946e-17     2.350105    0.000000    sinfoni
 7.27375536e-16   1.87367172e-17     2.350358    0.000000    sinfoni
 6.79750043e-16   1.85212481e-17     2.350612    0.000000    sinfoni
 6.64944573e-16   1.79792624e-17     2.350865    0.000000    sinfoni
 6.94212147e-16   1.65161791e-17     2.351119    0.000000    sinfoni
 6.54287454e-16   1.70703331e-17     2.351372    0.000000    sinfoni
 6.54349311e-16   1.70139346e-17     2.351626    0.000000    sinfoni
 7.32502587e-16   1.68570714e-17     2.351879    0.000000    sinfoni
 6.93171159e-16   1.80531753e-17     2.352133    0.000000    sinfoni
 5.95620033e-16   1.82625245e-17     2.352386    0.000000    sinfoni
 5.56173185e-16   1.60781578e-17     2.352640    0.000000    sinfoni
 5.64779295e-16   1.59263759e-17     2.352894    0.000000    sinfoni
 6.22881600e-16   1.78217314e-17     2.353147    0.000000    sinfoni
 6.50081441e-16   1.82522019e-17     2.353401    0.000000    sinfoni
 6.39710634e-16   1.61124132e-17     2.353654    0.000000    sinfoni
 5.98296334e-16   1.61479763e-17     2.353908    0.000000    sinfoni
 5.65136626e-16   1.55035596e-17     2.354161    0.000000    sinfoni
 6.30031323e-16   1.54427203e-17     2.354415    0.000000    sinfoni
 6.80613527e-16   1.57435934e-17     2.354668    0.000000    sinfoni
 6.68191389e-16   1.56146278e-17     2.354922    0.000000    sinfoni
 6.60106839e-16   1.60648882e-17     2.355176    0.000000    sinfoni
 6.76205342e-16   1.64208788e-17     2.355429    0.000000    sinfoni
 7.02832989e-16   1.94588743e-17     2.355683    0.000000    sinfoni
 6.71797848e-16   1.93518067e-17     2.355937    0.000000    sinfoni
 6.52933403e-16   1.65502047e-17     2.356190    0.000000    sinfoni
 6.57659794e-16   1.51275639e-17     2.356444    0.000000    sinfoni
 6.72316202e-16   1.54376625e-17     2.356697    0.000000    sinfoni
 6.59847267e-16   1.53996090e-17     2.356951    0.000000    sinfoni
 7.07521046e-16   1.59385941e-17     2.357205    0.000000    sinfoni
 6.92067210e-16   1.52202221e-17     2.357458    0.000000    sinfoni
 6.51877559e-16   1.54538805e-17     2.357712    0.000000    sinfoni
 6.74330214e-16   1.62764270e-17     2.357966    0.000000    sinfoni
 6.78215365e-16   1.86287932e-17     2.358219    0.000000    sinfoni
 6.18056412e-16   2.01150599e-17     2.358473    0.000000    sinfoni
 6.36359825e-16   2.00749789e-17     2.358726    0.000000    sinfoni
 6.57067789e-16   1.61817934e-17     2.358980    0.000000    sinfoni
 6.35613914e-16   1.51718020e-17     2.359234    0.000000    sinfoni
 6.80000425e-16   1.47761319e-17     2.359488    0.000000    sinfoni
 7.09717109e-16   1.47851633e-17     2.359741    0.000000    sinfoni
 6.78656218e-16   1.47604859e-17     2.359995    0.000000    sinfoni
 6.64659529e-16   1.45561690e-17     2.360248    0.000000    sinfoni
 6.44621864e-16   1.44490433e-17     2.360502    0.000000    sinfoni
 6.58938474e-16   1.47086995e-17     2.360756    0.000000    sinfoni
 6.77523042e-16   1.48647233e-17     2.361010    0.000000    sinfoni
 6.14378179e-16   1.59169842e-17     2.361263    0.000000    sinfoni
 6.32902068e-16   1.72749862e-17     2.361517    0.000000    sinfoni
 6.54112847e-16   1.60072853e-17     2.361771    0.000000    sinfoni
 6.57293914e-16   1.49299633e-17     2.362024    0.000000    sinfoni
 6.54397508e-16   1.48031820e-17     2.362278    0.000000    sinfoni
 6.46679102e-16   1.53696247e-17     2.362532    0.000000    sinfoni
 6.71280175e-16   1.51404362e-17     2.362785    0.000000    sinfoni
 6.31878952e-16   1.45335341e-17     2.363039    0.000000    sinfoni
 6.36313567e-16   1.47495689e-17     2.363293    0.000000    sinfoni
 6.66737885e-16   1.57463792e-17     2.363547    0.000000    sinfoni
 6.92361440e-16   1.69294130e-17     2.363801    0.000000    sinfoni
 7.05784090e-16   1.62104141e-17     2.364054    0.000000    sinfoni
 6.92345130e-16   1.61287562e-17     2.364308    0.000000    sinfoni
 6.82671528e-16   1.52925248e-17     2.364562    0.000000    sinfoni
 6.69491596e-16   1.49697640e-17     2.364816    0.000000    sinfoni
 6.96659656e-16   1.48656703e-17     2.365069    0.000000    sinfoni
 6.79801316e-16   1.48709866e-17     2.365323    0.000000    sinfoni
 6.83438963e-16   1.48986254e-17     2.365577    0.000000    sinfoni
 7.27443606e-16   1.53823965e-17     2.365831    0.000000    sinfoni
 6.97847054e-16   1.62546517e-17     2.366084    0.000000    sinfoni
 7.08113774e-16   1.52008508e-17     2.366338    0.000000    sinfoni
 6.80950778e-16   1.51876669e-17     2.366592    0.000000    sinfoni
 6.61857316e-16   1.59049738e-17     2.366846    0.000000    sinfoni
 6.48673303e-16   1.74416898e-17     2.367100    0.000000    sinfoni
 6.34627760e-16   1.85307647e-17     2.367353    0.000000    sinfoni
 6.03837708e-16   1.72363996e-17     2.367607    0.000000    sinfoni
 5.97907841e-16   1.54332426e-17     2.367861    0.000000    sinfoni
 6.44487889e-16   1.60855097e-17     2.368115    0.000000    sinfoni
 6.92298852e-16   1.57668299e-17     2.368369    0.000000    sinfoni
 6.48864959e-16   1.60595906e-17     2.368623    0.000000    sinfoni
 6.37819807e-16   1.64495651e-17     2.368876    0.000000    sinfoni
 7.18574319e-16   1.60053242e-17     2.369130    0.000000    sinfoni
 6.99908297e-16   1.57312227e-17     2.369384    0.000000    sinfoni
 7.05095951e-16   1.68224968e-17     2.369638    0.000000    sinfoni
 7.17720026e-16   1.97054432e-17     2.369892    0.000000    sinfoni
 6.67036561e-16   2.45586208e-17     2.370146    0.000000    sinfoni
 6.31602124e-16   2.90395777e-17     2.370399    0.000000    sinfoni
 6.79560355e-16   2.57608841e-17     2.370653    0.000000    sinfoni
 7.35594871e-16   2.45806100e-17     2.370907    0.000000    sinfoni
 6.91400579e-16   2.58428617e-17     2.371161    0.000000    sinfoni
 6.46900100e-16   2.40680993e-17     2.371415    0.000000    sinfoni
 6.92668362e-16   2.04628158e-17     2.371669    0.000000    sinfoni
 7.11294778e-16   1.85854243e-17     2.371923    0.000000    sinfoni
 7.45812968e-16   1.81627191e-17     2.372176    0.000000    sinfoni
 6.99470264e-16   1.77966682e-17     2.372430    0.000000    sinfoni
 6.70503693e-16   1.76755868e-17     2.372684    0.000000    sinfoni
 6.60327985e-16   1.57532942e-17     2.372938    0.000000    sinfoni
 6.68042599e-16   1.53995025e-17     2.373192    0.000000    sinfoni
 6.85135257e-16   1.61666561e-17     2.373446    0.000000    sinfoni
 6.82001371e-16   1.58324307e-17     2.373700    0.000000    sinfoni
 6.84867353e-16   1.52389498e-17     2.373954    0.000000    sinfoni
 6.40125253e-16   1.52950246e-17     2.374208    0.000000    sinfoni
 6.94540342e-16   1.59886321e-17     2.374462    0.000000    sinfoni
 7.08934877e-16   1.65139642e-17     2.374715    0.000000    sinfoni
 6.75873574e-16   1.55480591e-17     2.374970    0.000000    sinfoni
 6.70032907e-16   1.54020120e-17     2.375224    0.000000    sinfoni
 6.43553416e-16   1.62049034e-17     2.375478    0.000000    sinfoni
 6.14843795e-16   1.59082463e-17     2.375731    0.000000    sinfoni
 6.78039593e-16   1.63699717e-17     2.375985    0.000000    sinfoni
 6.98422811e-16   1.77023534e-17     2.376239    0.000000    sinfoni
 6.49532359e-16   1.92397258e-17     2.376493    0.000000    sinfoni
 6.55058882e-16   1.82190867e-17     2.376747    0.000000    sinfoni
 6.48121704e-16   1.65907585e-17     2.377001    0.000000    sinfoni
 6.67047588e-16   1.59556268e-17     2.377255    0.000000    sinfoni
 7.31940816e-16   1.58903407e-17     2.377509    0.000000    sinfoni
 7.41841159e-16   1.73455260e-17     2.377763    0.000000    sinfoni
 6.53022154e-16   2.11513476e-17     2.378017    0.000000    sinfoni
 6.16224260e-16   1.73835377e-17     2.378271    0.000000    sinfoni
 6.14877784e-16   1.50708131e-17     2.378525    0.000000    sinfoni
 6.29497365e-16   1.48329549e-17     2.378779    0.000000    sinfoni
 6.53235242e-16   1.48079740e-17     2.379033    0.000000    sinfoni
 6.22419596e-16   1.51607669e-17     2.379287    0.000000    sinfoni
 6.25102234e-16   1.56074365e-17     2.379541    0.000000    sinfoni
 6.43255711e-16   1.64141281e-17     2.379795    0.000000    sinfoni
 6.84090704e-16   1.66419341e-17     2.380049    0.000000    sinfoni
 7.34582149e-16   1.69411324e-17     2.380303    0.000000    sinfoni
 6.79881543e-16   1.59295026e-17     2.380557    0.000000    sinfoni
 5.83343588e-16   1.50807378e-17     2.380812    0.000000    sinfoni
 5.94062837e-16   1.47879389e-17     2.381066    0.000000    sinfoni
 6.40277159e-16   1.47494090e-17     2.381320    0.000000    sinfoni
 6.58440254e-16   1.49170188e-17     2.381573    0.000000    sinfoni
 6.80907131e-16   1.49297012e-17     2.381828    0.000000    sinfoni
 6.57188344e-16   1.49480694e-17     2.382082    0.000000    sinfoni
 6.35137039e-16   1.51602047e-17     2.382336    0.000000    sinfoni
 5.99434593e-16   1.54183774e-17     2.382590    0.000000    sinfoni
 5.49211399e-16   1.74437584e-17     2.382844    0.000000    sinfoni
 5.56328298e-16   1.92486989e-17     2.383098    0.000000    sinfoni
 5.68892408e-16   1.77090210e-17     2.383352    0.000000    sinfoni
 5.55204714e-16   1.78329594e-17     2.383606    0.000000    sinfoni
 5.57747315e-16   2.23615791e-17     2.383860    0.000000    sinfoni
 5.87023021e-16   1.77226483e-17     2.384114    0.000000    sinfoni
 6.19959006e-16   1.64124550e-17     2.384368    0.000000    sinfoni
 6.40688572e-16   1.60478081e-17     2.384623    0.000000    sinfoni
 6.72823350e-16   1.48277189e-17     2.384877    0.000000    sinfoni
 6.83842553e-16   1.50322265e-17     2.385131    0.000000    sinfoni
 6.57695954e-16   1.53115564e-17     2.385385    0.000000    sinfoni
 6.27356360e-16   1.67825698e-17     2.385639    0.000000    sinfoni
 6.10331930e-16   1.91175381e-17     2.385893    0.000000    sinfoni
 6.63667103e-16   1.81518936e-17     2.386147    0.000000    sinfoni
 5.85808341e-16   1.64339432e-17     2.386401    0.000000    sinfoni
 5.63376145e-16   1.57283677e-17     2.386656    0.000000    sinfoni
 5.66159951e-16   1.50241213e-17     2.386910    0.000000    sinfoni
 5.78544975e-16   1.55981786e-17     2.387164    0.000000    sinfoni
 6.03557477e-16   1.59612609e-17     2.387418    0.000000    sinfoni
 6.28622879e-16   1.70336773e-17     2.387672    0.000000    sinfoni
 6.09289993e-16   2.00202116e-17     2.387926    0.000000    sinfoni
 5.58117661e-16   1.67643738e-17     2.388180    0.000000    sinfoni
 6.04594020e-16   1.52578769e-17     2.388435    0.000000    sinfoni
 6.08112133e-16   1.50487496e-17     2.388689    0.000000    sinfoni
 6.40213716e-16   1.48316181e-17     2.388943    0.000000    sinfoni
 6.17267443e-16   1.50859468e-17     2.389197    0.000000    sinfoni
 6.09413389e-16   1.53377457e-17     2.389451    0.000000    sinfoni
 6.90443892e-16   1.66802963e-17     2.389706    0.000000    sinfoni
 6.99130738e-16   1.64640741e-17     2.389960    0.000000    sinfoni
 6.53272985e-16   1.53922801e-17     2.390214    0.000000    sinfoni
 6.72912515e-16   1.52633990e-17     2.390468    0.000000    sinfoni
 6.57331569e-16   1.64876557e-17     2.390722    0.000000    sinfoni
 6.61698739e-16   2.01600285e-17     2.390977    0.000000    sinfoni
 6.37275801e-16   2.36523886e-17     2.391231    0.000000    sinfoni
 5.87570893e-16   2.09550142e-17     2.391485    0.000000    sinfoni
 5.84418135e-16   1.60235077e-17     2.391739    0.000000    sinfoni
 5.98654515e-16   1.53807076e-17     2.391994    0.000000    sinfoni
 5.71407529e-16   1.46520162e-17     2.392248    0.000000    sinfoni
 6.24204510e-16   1.48433461e-17     2.392502    0.000000    sinfoni
 6.14541601e-16   1.49137664e-17     2.392756    0.000000    sinfoni
 5.89233144e-16   1.52289101e-17     2.393011    0.000000    sinfoni
 6.40901423e-16   1.55242378e-17     2.393265    0.000000    sinfoni
 6.55474408e-16   1.50322676e-17     2.393519    0.000000    sinfoni
 6.61024421e-16   1.50466315e-17     2.393773    0.000000    sinfoni
 7.13498999e-16   1.60837970e-17     2.394027    0.000000    sinfoni
 6.84512314e-16   1.65873901e-17     2.394282    0.000000    sinfoni
 6.42959397e-16   1.57009133e-17     2.394536    0.000000    sinfoni
 5.69346666e-16   1.48488746e-17     2.394790    0.000000    sinfoni
 5.66685757e-16   1.46095183e-17     2.395045    0.000000    sinfoni
 6.16971877e-16   1.55007738e-17     2.395299    0.000000    sinfoni
 6.58282794e-16   1.51411916e-17     2.395554    0.000000    sinfoni
 6.51384749e-16   1.50726943e-17     2.395808    0.000000    sinfoni
 6.29491029e-16   1.54193268e-17     2.396062    0.000000    sinfoni
 5.97888440e-16   1.79324593e-17     2.396316    0.000000    sinfoni
 6.17220326e-16   2.22288437e-17     2.396571    0.000000    sinfoni
 5.83288128e-16   1.82102854e-17     2.396825    0.000000    sinfoni
 5.87750619e-16   1.77644992e-17     2.397079    0.000000    sinfoni
 6.22169193e-16   1.60744912e-17     2.397333    0.000000    sinfoni
 6.57779907e-16   1.51245326e-17     2.397588    0.000000    sinfoni
 5.80469607e-16   1.49362315e-17     2.397842    0.000000    sinfoni
 5.52798810e-16   1.48966160e-17     2.398097    0.000000    sinfoni
 5.84284675e-16   1.61681884e-17     2.398351    0.000000    sinfoni
 6.22019168e-16   1.51546212e-17     2.398606    0.000000    sinfoni
 6.23193877e-16   1.47175194e-17     2.398859    0.000000    sinfoni
 5.88245120e-16   1.47549337e-17     2.399114    0.000000    sinfoni
 5.59881370e-16   1.45635636e-17     2.399368    0.000000    sinfoni
 6.04531836e-16   1.51099963e-17     2.399623    0.000000    sinfoni
 6.76089685e-16   1.54942737e-17     2.399877    0.000000    sinfoni
 6.07817465e-16   1.71788558e-17     2.400132    0.000000    sinfoni
 5.84270818e-16   1.63679359e-17     2.400386    0.000000    sinfoni
 6.09278968e-16   1.49623180e-17     2.400640    0.000000    sinfoni
 5.99575930e-16   1.45248338e-17     2.400895    0.000000    sinfoni
 5.95572265e-16   1.43882441e-17     2.401149    0.000000    sinfoni
 6.18335504e-16   1.45093576e-17     2.401403    0.000000    sinfoni
 6.11279492e-16   1.45799177e-17     2.401658    0.000000    sinfoni
 6.00224406e-16   1.45165530e-17     2.401912    0.000000    sinfoni
 6.10674947e-16   1.47353990e-17     2.402167    0.000000    sinfoni
 5.93550503e-16   1.44781220e-17     2.402421    0.000000    sinfoni
 5.85607471e-16   1.42916171e-17     2.402676    0.000000    sinfoni
 5.96506437e-16   1.46706590e-17     2.402930    0.000000    sinfoni
 6.31315493e-16   1.50683986e-17     2.403185    0.000000    sinfoni
 6.64687606e-16   1.53538378e-17     2.403439    0.000000    sinfoni
 6.67305020e-16   1.68412110e-17     2.403694    0.000000    sinfoni
 6.47802297e-16   2.19270868e-17     2.403948    0.000000    sinfoni
 5.99476682e-16   2.41972223e-17     2.404202    0.000000    sinfoni
 6.43599441e-16   1.71121572e-17     2.404457    0.000000    sinfoni
 5.95588513e-16   1.49357777e-17     2.404711    0.000000    sinfoni
 5.73344005e-16   1.45321880e-17     2.404966    0.000000    sinfoni
 6.37823874e-16   1.49825873e-17     2.405220    0.000000    sinfoni
 6.18079737e-16   1.55269834e-17     2.405475    0.000000    sinfoni
 5.85298667e-16   1.50989165e-17     2.405729    0.000000    sinfoni
 6.00828986e-16   1.56941445e-17     2.405984    0.000000    sinfoni
 5.71872710e-16   1.51165032e-17     2.406238    0.000000    sinfoni
 6.17538392e-16   1.64595495e-17     2.406493    0.000000    sinfoni
 6.11111591e-16   2.04253735e-17     2.406747    0.000000    sinfoni
 5.28713294e-16   1.82966481e-17     2.407002    0.000000    sinfoni
 5.51636045e-16   1.70915559e-17     2.407256    0.000000    sinfoni
 5.74079047e-16   1.90634162e-17     2.407511    0.000000    sinfoni
 5.65640732e-16   1.62834262e-17     2.407765    0.000000    sinfoni
 5.56517128e-16   1.50132623e-17     2.408020    0.000000    sinfoni
 5.33663194e-16   1.44369893e-17     2.408274    0.000000    sinfoni
 5.50397078e-16   1.41619936e-17     2.408529    0.000000    sinfoni
 5.73231505e-16   1.45382198e-17     2.408783    0.000000    sinfoni
 5.79218572e-16   1.47063586e-17     2.409038    0.000000    sinfoni
 5.85752480e-16   1.55664858e-17     2.409293    0.000000    sinfoni
 6.08955426e-16   1.85277680e-17     2.409547    0.000000    sinfoni
 5.85937599e-16   2.05370803e-17     2.409801    0.000000    sinfoni
 5.75840659e-16   1.64932746e-17     2.410056    0.000000    sinfoni
 5.59368608e-16   1.52898639e-17     2.410311    0.000000    sinfoni
 6.06853474e-16   1.45951748e-17     2.410565    0.000000    sinfoni
 6.17160713e-16   1.47145245e-17     2.410820    0.000000    sinfoni
 6.02537376e-16   1.46727280e-17     2.411075    0.000000    sinfoni
 5.85358515e-16   1.58068428e-17     2.411329    0.000000    sinfoni
 5.39621267e-16   1.79018266e-17     2.411584    0.000000    sinfoni
 5.45994053e-16   1.63796750e-17     2.411838    0.000000    sinfoni
 5.78959061e-16   1.52581915e-17     2.412093    0.000000    sinfoni
 5.72965541e-16   1.46897372e-17     2.412348    0.000000    sinfoni
 5.78098166e-16   1.40707744e-17     2.412602    0.000000    sinfoni
 5.52569984e-16   1.38695410e-17     2.412857    0.000000    sinfoni
 5.34751223e-16   1.38221974e-17     2.413111    0.000000    sinfoni
 5.78685983e-16   1.49854936e-17     2.413366    0.000000    sinfoni
 5.38032023e-16   1.62118168e-17     2.413620    0.000000    sinfoni
 5.44983297e-16   1.74756167e-17     2.413875    0.000000    sinfoni
 5.69394451e-16   2.19006608e-17     2.414130    0.000000    sinfoni
 5.61034752e-16   1.77779334e-17     2.414384    0.000000    sinfoni
 5.60969632e-16   1.51694179e-17     2.414639    0.000000    sinfoni
 5.71838062e-16   1.46895429e-17     2.414894    0.000000    sinfoni
 5.92013777e-16   1.57450459e-17     2.415149    0.000000    sinfoni
 6.32747590e-16   1.92190764e-17     2.415403    0.000000    sinfoni
 6.41377882e-16   3.09311419e-17     2.415658    0.000000    sinfoni
 5.68440983e-16   3.68329345e-17     2.415912    0.000000    sinfoni
 5.12457287e-16   2.39978322e-17     2.416167    0.000000    sinfoni
 5.10137621e-16   1.65807092e-17     2.416422    0.000000    sinfoni
 4.79702700e-16   1.51982276e-17     2.416677    0.000000    sinfoni
 5.27501521e-16   1.45536502e-17     2.416931    0.000000    sinfoni
 5.50256115e-16   1.47696676e-17     2.417186    0.000000    sinfoni
 5.54462522e-16   1.48029208e-17     2.417441    0.000000    sinfoni
 5.50302330e-16   1.54344850e-17     2.417695    0.000000    sinfoni
 5.40284646e-16   1.67374616e-17     2.417950    0.000000    sinfoni
 5.49008237e-16   2.21191057e-17     2.418205    0.000000    sinfoni
 5.43992352e-16   2.91981286e-17     2.418459    0.000000    sinfoni
 6.36120777e-16   2.64010485e-17     2.418714    0.000000    sinfoni
 6.10120827e-16   3.55359544e-17     2.418969    0.000000    sinfoni
 5.45027959e-16   2.79045205e-17     2.419224    0.000000    sinfoni
 4.63539919e-16   2.05056903e-17     2.419478    0.000000    sinfoni
 4.90208612e-16   1.68284837e-17     2.419733    0.000000    sinfoni
 5.24144735e-16   1.50955196e-17     2.419988    0.000000    sinfoni
 5.85822375e-16   1.46130887e-17     2.420243    0.000000    sinfoni
 6.25954221e-16   1.46432438e-17     2.420497    0.000000    sinfoni
 5.85555375e-16   1.47418012e-17     2.420752    0.000000    sinfoni
 5.98313544e-16   1.44498847e-17     2.421007    0.000000    sinfoni
 5.60992726e-16   1.42177650e-17     2.421262    0.000000    sinfoni
 5.32827078e-16   1.46355875e-17     2.421516    0.000000    sinfoni
 5.32919678e-16   1.59918679e-17     2.421771    0.000000    sinfoni
 5.27539493e-16   1.56631622e-17     2.422026    0.000000    sinfoni
 5.18083436e-16   1.43515480e-17     2.422281    0.000000    sinfoni
 5.45825957e-16   1.45859615e-17     2.422536    0.000000    sinfoni
 5.79640641e-16   1.45720449e-17     2.422791    0.000000    sinfoni
 5.52573317e-16   1.45119749e-17     2.423045    0.000000    sinfoni
 5.36749480e-16   1.44143522e-17     2.423300    0.000000    sinfoni
 5.39875451e-16   1.56721229e-17     2.423555    0.000000    sinfoni
 5.71496310e-16   1.93739894e-17     2.423810    0.000000    sinfoni
 5.95051964e-16   1.90179175e-17     2.424065    0.000000    sinfoni
 6.08018048e-16   1.59155403e-17     2.424319    0.000000    sinfoni
 5.57068672e-16   1.50269916e-17     2.424574    0.000000    sinfoni
 5.57109540e-16   1.50645146e-17     2.424829    0.000000    sinfoni
 5.79810693e-16   1.51910873e-17     2.425084    0.000000    sinfoni
 5.54903558e-16   1.49450308e-17     2.425339    0.000000    sinfoni
 5.27458082e-16   1.47871468e-17     2.425594    0.000000    sinfoni
 5.14704279e-16   1.58412898e-17     2.425849    0.000000    sinfoni
 5.15991422e-16   1.98870822e-17     2.426103    0.000000    sinfoni
 5.19208281e-16   1.87239960e-17     2.426358    0.000000    sinfoni
 5.41938338e-16   1.56325035e-17     2.426613    0.000000    sinfoni
 5.32544355e-16   1.49244617e-17     2.426868    0.000000    sinfoni
 5.60839319e-16   1.50587304e-17     2.427123    0.000000    sinfoni
 5.42381062e-16   1.45012814e-17     2.427378    0.000000    sinfoni
 5.52546368e-16   1.42775293e-17     2.427633    0.000000    sinfoni
 5.17556974e-16   1.42530640e-17     2.427887    0.000000    sinfoni
 4.92837946e-16   1.37959244e-17     2.428142    0.000000    sinfoni
 4.93168235e-16   1.41326886e-17     2.428397    0.000000    sinfoni
 5.28339335e-16   1.43817070e-17     2.428652    0.000000    sinfoni
 5.67874877e-16   1.42656521e-17     2.428907    0.000000    sinfoni
 5.50345416e-16   1.42112529e-17     2.429162    0.000000    sinfoni
 5.79582262e-16   1.42788646e-17     2.429417    0.000000    sinfoni
 5.84893017e-16   1.47049562e-17     2.429672    0.000000    sinfoni
 5.88324636e-16   1.42566215e-17     2.429927    0.000000    sinfoni
 5.44117265e-16   1.39934751e-17     2.430182    0.000000    sinfoni
 5.48821182e-16   1.40775110e-17     2.430437    0.000000    sinfoni
 5.62622721e-16   1.40329016e-17     2.430692    0.000000    sinfoni
 5.05715939e-16   1.38939363e-17     2.430947    0.000000    sinfoni
 5.26003867e-16   1.40963297e-17     2.431202    0.000000    sinfoni
 5.39276471e-16   1.41597767e-17     2.431456    0.000000    sinfoni
 5.35341546e-16   1.40870149e-17     2.431712    0.000000    sinfoni
 5.28907986e-16   1.39869371e-17     2.431967    0.000000    sinfoni
 5.48565301e-16   1.41327848e-17     2.432221    0.000000    sinfoni
 5.80090692e-16   1.46704189e-17     2.432476    0.000000    sinfoni
 5.75682754e-16   1.57553273e-17     2.432732    0.000000    sinfoni
 5.74706935e-16   1.85380758e-17     2.432986    0.000000    sinfoni
 5.47928513e-16   2.10181768e-17     2.433241    0.000000    sinfoni
 4.90830372e-16   1.63698624e-17     2.433496    0.000000    sinfoni
 4.52952071e-16   1.48293144e-17     2.433752    0.000000    sinfoni
 4.56285438e-16   1.51168434e-17     2.434006    0.000000    sinfoni
 4.80566168e-16   1.56250812e-17     2.434261    0.000000    sinfoni
 4.97503829e-16   1.80976740e-17     2.434517    0.000000    sinfoni
 4.68856315e-16   2.37991584e-17     2.434772    0.000000    sinfoni
 5.55496957e-16   3.88577899e-17     2.435026    0.000000    sinfoni
 5.36225101e-16   6.70226000e-17     2.435282    0.000000    sinfoni
 5.55543841e-16   3.68897244e-17     2.435537    0.000000    sinfoni
 5.23460263e-16   3.31661314e-17     2.435792    0.000000    sinfoni
 5.30413896e-16   4.40783219e-17     2.436047    0.000000    sinfoni
 4.92860710e-16   3.21626509e-17     2.436302    0.000000    sinfoni
 4.38224165e-16   2.13601493e-17     2.436557    0.000000    sinfoni
 4.26136821e-16   1.64815571e-17     2.436812    0.000000    sinfoni
 4.26167990e-16   1.48130950e-17     2.437067    0.000000    sinfoni
 4.86091693e-16   1.46403160e-17     2.437322    0.000000    sinfoni
 5.09293852e-16   1.45472687e-17     2.437577    0.000000    sinfoni
 5.10428437e-16   1.41455991e-17     2.437832    0.000000    sinfoni
 5.15204284e-16   1.40151325e-17     2.438087    0.000000    sinfoni
 5.66431098e-16   1.41149336e-17     2.438342    0.000000    sinfoni
 5.85877957e-16   1.42247755e-17     2.438597    0.000000    sinfoni
 5.62288600e-16   1.40766267e-17     2.438852    0.000000    sinfoni
 5.64455732e-16   1.39802900e-17     2.439108    0.000000    sinfoni
 5.83323026e-16   1.41571618e-17     2.439363    0.000000    sinfoni
 5.61394834e-16   1.41007222e-17     2.439618    0.000000    sinfoni
 5.57091134e-16   1.37808102e-17     2.439873    0.000000    sinfoni
 5.10559386e-16   1.40806093e-17     2.440128    0.000000    sinfoni
 5.42212276e-16   1.40842595e-17     2.440383    0.000000    sinfoni
 5.35586107e-16   1.41644704e-17     2.440639    0.000000    sinfoni
 5.36539603e-16   1.39110333e-17     2.440893    0.000000    sinfoni
 5.12239397e-16   1.47415966e-17     2.441149    0.000000    sinfoni
 5.33897180e-16   1.40505099e-17     2.441404    0.000000    sinfoni
 5.07078561e-16   1.38894693e-17     2.441659    0.000000    sinfoni
 5.09231915e-16   1.39868517e-17     2.441914    0.000000    sinfoni
 5.25422248e-16   1.43717391e-17     2.442169    0.000000    sinfoni
 4.84979113e-16   1.50326136e-17     2.442425    0.000000    sinfoni
 4.69942062e-16   1.69051486e-17     2.442680    0.000000    sinfoni
 5.00815129e-16   1.57325897e-17     2.442935    0.000000    sinfoni
 5.32762592e-16   1.46500463e-17     2.443190    0.000000    sinfoni
 5.42483927e-16   1.43217842e-17     2.443446    0.000000    sinfoni
 4.94637551e-16   1.43375940e-17     2.443700    0.000000    sinfoni
 4.89663673e-16   1.40991491e-17     2.443956    0.000000    sinfoni
 4.60954151e-16   1.38536281e-17     2.444211    0.000000    sinfoni
 4.49843096e-16   1.37792952e-17     2.444466    0.000000    sinfoni
 4.93909160e-16   1.42882894e-17     2.444721    0.000000    sinfoni
 5.07703296e-16   1.48167341e-17     2.444977    0.000000    sinfoni
 5.03548248e-16   1.57292002e-17     2.445232    0.000000    sinfoni
