# Passband info could be (1) a path to a filter file or
# (2) a tophat filter defined by a central wavelength, half-width,
# and optionally a name

# Comment lines (like this one) and blank lines are ignored,
# central-wavelength and half-width units are always microns

# @DEPTH_UNITS sets the depth and uncert units (none, percent, ppt, ppm)
# and also indicates that there's data and uncertainties to read
# as two columns before the passband info

@DEPTH_UNITS
ppm

# depth    depth_err     wl  half_width    instrument
@DATA
  211.90      7.60   {FILTERS}cheops.dat
  340.40      7.00   {FILTERS}tess.dat
 3098.00    112.00   {FILTERS}spitzer_irac1.dat
 3925.00     25.00   {FILTERS}spitzer_irac2.dat
 4080.00    230.00   {FILTERS}spitzer_irac3.dat
 4350.00    205.00   {FILTERS}spitzer_irac4.dat
  486.24     77.24     0.85432    0.00221    NIRISS
  498.71     80.87     0.85918    0.00265    NIRISS
  559.52     78.88     0.86405    0.00221    NIRISS
  520.91     67.29     0.86892    0.00266    NIRISS
  596.95     69.88     0.87381    0.00222    NIRISS
  593.76     63.65     0.87870    0.00267    NIRISS
  587.81     67.54     0.88359    0.00223    NIRISS
  600.51     61.98     0.88850    0.00268    NIRISS
  534.81     68.79     0.89341    0.00223    NIRISS
  411.02     66.03     0.89832    0.00268    NIRISS
  561.45     65.57     0.90325    0.00224    NIRISS
  414.45     73.36     0.90773    0.00224    NIRISS
  545.19     67.16     0.91267    0.00269    NIRISS
  666.58     65.46     0.91761    0.00225    NIRISS
  580.90     63.83     0.92256    0.00270    NIRISS
  530.11     70.08     0.92752    0.00225    NIRISS
  526.59     66.63     0.93203    0.00226    NIRISS
  459.86     59.18     0.93700    0.00271    NIRISS
  531.51     72.10     0.94197    0.00226    NIRISS
  654.43     69.04     0.94650    0.00227    NIRISS
  536.06     55.59     0.95149    0.00272    NIRISS
  561.67     65.52     0.95648    0.00227    NIRISS
  674.24     62.29     0.96102    0.00227    NIRISS
  582.10     55.43     0.96603    0.00273    NIRISS
  618.95     63.99     0.97104    0.00228    NIRISS
  669.59     65.04     0.97560    0.00228    NIRISS
  582.00     54.06     0.98062    0.00274    NIRISS
  731.26     57.82     0.98565    0.00229    NIRISS
  707.28     67.98     0.99022    0.00229    NIRISS
  721.46     63.33     0.99480    0.00229    NIRISS
  763.21     54.76     0.99985    0.00275    NIRISS
  703.20     57.20     1.00490    0.00230    NIRISS
  608.23     62.14     1.00949    0.00230    NIRISS
  748.85     52.42     1.01455    0.00276    NIRISS
  673.39     60.41     1.01961    0.00230    NIRISS
  671.24     67.11     1.02422    0.00231    NIRISS
  624.78     58.27     1.02884    0.00231    NIRISS
  714.97     53.71     1.03392    0.00277    NIRISS
  687.02     54.80     1.03900    0.00231    NIRISS
  852.38     57.35     1.04363    0.00231    NIRISS
  714.49     55.94     1.04826    0.00232    NIRISS
  734.11     56.31     1.05289    0.00232    NIRISS
  766.02     58.84     1.05800    0.00279    NIRISS
  663.92     59.27     1.06311    0.00232    NIRISS
  715.17     55.82     1.06775    0.00233    NIRISS
  669.34     58.37     1.07241    0.00233    NIRISS
  695.20     59.63     1.07753    0.00280    NIRISS
  658.03     59.56     1.08265    0.00233    NIRISS
  864.84     53.54     1.08732    0.00233    NIRISS
  848.66     56.73     1.09199    0.00234    NIRISS
  808.96     55.38     1.09666    0.00234    NIRISS
  789.05     59.21     1.10134    0.00234    NIRISS
  783.04     48.83     1.10648    0.00281    NIRISS
  784.82     53.08     1.11164    0.00234    NIRISS
  812.70     52.09     1.11632    0.00234    NIRISS
  794.77     49.65     1.12102    0.00235    NIRISS
  828.97     61.56     1.12571    0.00235    NIRISS
  776.62     55.27     1.13041    0.00235    NIRISS
  764.35     53.94     1.13558    0.00282    NIRISS
  860.11     58.60     1.14076    0.00235    NIRISS
  724.76     59.73     1.14547    0.00236    NIRISS
  797.70     57.11     1.15018    0.00236    NIRISS
  780.63     57.61     1.15490    0.00236    NIRISS
  855.59     59.93     1.15961    0.00236    NIRISS
  923.32     59.07     1.16434    0.00236    NIRISS
  902.84     44.66     1.16954    0.00284    NIRISS
  860.00     61.30     1.17474    0.00237    NIRISS
  830.74     60.82     1.17947    0.00237    NIRISS
  962.44     57.65     1.18421    0.00237    NIRISS
  854.76     54.60     1.18894    0.00237    NIRISS
  909.62     59.54     1.19369    0.00237    NIRISS
  895.01     56.35     1.19843    0.00237    NIRISS
  842.23     58.48     1.20318    0.00237    NIRISS
 1013.88     54.97     1.20793    0.00238    NIRISS
  827.93     55.06     1.21316    0.00285    NIRISS
  930.94     62.07     1.21839    0.00238    NIRISS
  897.46     55.40     1.22315    0.00238    NIRISS
  951.09     53.23     1.22791    0.00238    NIRISS
  854.67     57.38     1.23268    0.00238    NIRISS
  965.09     60.03     1.23745    0.00238    NIRISS
  918.83     61.74     1.24222    0.00239    NIRISS
  857.92     62.46     1.24699    0.00239    NIRISS
  842.73     55.88     1.25177    0.00239    NIRISS
  958.92     64.62     1.25654    0.00239    NIRISS
  913.45     59.40     1.26133    0.00239    NIRISS
  899.72     57.48     1.26611    0.00239    NIRISS
  932.56     50.56     1.27137    0.00287    NIRISS
  892.57     63.49     1.27664    0.00240    NIRISS
 1081.34     64.80     1.28143    0.00240    NIRISS
 1030.28     62.74     1.28623    0.00240    NIRISS
 1041.36     60.72     1.29102    0.00240    NIRISS
 1092.01     57.08     1.29582    0.00240    NIRISS
  842.93     65.02     1.30062    0.00240    NIRISS
  873.58     67.32     1.30543    0.00240    NIRISS
  934.43     61.44     1.31023    0.00240    NIRISS
  992.34     62.76     1.31504    0.00240    NIRISS
  840.43     61.31     1.31985    0.00241    NIRISS
  969.14     67.41     1.32466    0.00241    NIRISS
 1037.23     64.18     1.32947    0.00241    NIRISS
 1002.14     61.73     1.33429    0.00241    NIRISS
 1019.40     66.57     1.33911    0.00241    NIRISS
 1109.28     67.25     1.34393    0.00241    NIRISS
 1051.61     67.09     1.34875    0.00241    NIRISS
 1068.08     63.09     1.35357    0.00241    NIRISS
 1094.72     66.79     1.35840    0.00241    NIRISS
 1051.97     63.46     1.36323    0.00241    NIRISS
 1090.89     66.96     1.36806    0.00242    NIRISS
 1034.04     65.03     1.37289    0.00242    NIRISS
 1121.96     64.69     1.37772    0.00242    NIRISS
 1051.97     65.85     1.38256    0.00242    NIRISS
 1109.20     69.70     1.38740    0.00242    NIRISS
 1191.48     64.78     1.39223    0.00242    NIRISS
 1252.41     67.55     1.39708    0.00242    NIRISS
 1220.10     76.33     1.40192    0.00242    NIRISS
 1119.71     66.25     1.40676    0.00242    NIRISS
 1093.59     70.26     1.41161    0.00242    NIRISS
 1114.68     71.93     1.41646    0.00242    NIRISS
 1226.04     64.57     1.42130    0.00242    NIRISS
 1142.34     70.26     1.42615    0.00243    NIRISS
 1250.47     71.30     1.43101    0.00243    NIRISS
 1268.16     73.13     1.43586    0.00243    NIRISS
 1255.68     71.73     1.44072    0.00243    NIRISS
 1301.51     79.59     1.44557    0.00243    NIRISS
 1154.62     73.25     1.45043    0.00243    NIRISS
 1314.45     77.89     1.45529    0.00243    NIRISS
 1281.35     71.71     1.46015    0.00243    NIRISS
 1107.19     73.87     1.46501    0.00243    NIRISS
 1257.65     78.47     1.46988    0.00243    NIRISS
 1264.04     76.13     1.47474    0.00243    NIRISS
 1200.85     73.54     1.47961    0.00243    NIRISS
 1098.45     76.93     1.48448    0.00243    NIRISS
 1212.30     83.64     1.48935    0.00243    NIRISS
 1261.10     78.37     1.49422    0.00244    NIRISS
 1320.95     68.88     1.49909    0.00244    NIRISS
 1302.58     80.22     1.50396    0.00244    NIRISS
 1292.80     69.40     1.50883    0.00244    NIRISS
 1269.98     75.39     1.51371    0.00244    NIRISS
 1296.50     69.89     1.51859    0.00244    NIRISS
 1257.46     87.14     1.52346    0.00244    NIRISS
 1260.34     78.91     1.52834    0.00244    NIRISS
 1140.06     80.65     1.53322    0.00244    NIRISS
 1288.08     82.16     1.53810    0.00244    NIRISS
 1356.11     72.82     1.54298    0.00244    NIRISS
 1210.76     83.68     1.54787    0.00244    NIRISS
 1309.78     76.42     1.55275    0.00244    NIRISS
 1181.26     79.29     1.55763    0.00244    NIRISS
 1309.38     84.60     1.56252    0.00244    NIRISS
 1354.96     84.59     1.56741    0.00244    NIRISS
 1352.31     83.67     1.57229    0.00244    NIRISS
 1397.20    101.01     1.57669    0.00196    NIRISS
 1109.25     89.17     1.58109    0.00244    NIRISS
 1353.10     90.45     1.58598    0.00245    NIRISS
 1294.37     86.88     1.59087    0.00245    NIRISS
 1448.87     80.47     1.59577    0.00245    NIRISS
 1216.77     84.53     1.60066    0.00245    NIRISS
 1282.45     91.29     1.60555    0.00245    NIRISS
 1087.87     89.70     1.61045    0.00245    NIRISS
 1280.00     92.97     1.61534    0.00245    NIRISS
 1177.89     89.30     1.62024    0.00245    NIRISS
 1448.77     82.43     1.62513    0.00245    NIRISS
 1136.52     90.30     1.63003    0.00245    NIRISS
 1303.59     97.94     1.63493    0.00245    NIRISS
 1253.94     92.42     1.63983    0.00245    NIRISS
 1460.34    100.75     1.64473    0.00245    NIRISS
 1238.38     89.91     1.64963    0.00245    NIRISS
 1428.89     93.59     1.65453    0.00245    NIRISS
 1173.18     96.77     1.65943    0.00245    NIRISS
 1456.42     90.45     1.66433    0.00245    NIRISS
 1333.72     85.74     1.66923    0.00245    NIRISS
 1473.30    103.17     1.67364    0.00196    NIRISS
 1380.21    101.95     1.67806    0.00245    NIRISS
 1309.50    109.17     1.68296    0.00245    NIRISS
 1281.31    104.28     1.68786    0.00245    NIRISS
 1436.36    102.60     1.69277    0.00245    NIRISS
 1224.50    106.73     1.69767    0.00245    NIRISS
 1321.28    103.62     1.70258    0.00245    NIRISS
 1097.09    103.85     1.70749    0.00245    NIRISS
 1483.87    103.72     1.71239    0.00245    NIRISS
 1482.50     92.06     1.71730    0.00245    NIRISS
 1580.39     98.88     1.72221    0.00245    NIRISS
 1352.38    107.29     1.72712    0.00245    NIRISS
 1399.44    107.84     1.73202    0.00245    NIRISS
 1465.84    116.86     1.73693    0.00245    NIRISS
 1488.64    105.45     1.74184    0.00245    NIRISS
 1511.11     99.56     1.74675    0.00245    NIRISS
 1438.39    113.16     1.75117    0.00196    NIRISS
 1537.94    105.35     1.75559    0.00246    NIRISS
 1563.48     99.28     1.76050    0.00246    NIRISS
 1561.96    101.29     1.76541    0.00246    NIRISS
 1542.44     99.97     1.77032    0.00246    NIRISS
 1715.44    111.82     1.77524    0.00246    NIRISS
 1458.12    101.19     1.78015    0.00246    NIRISS
 1595.47    104.81     1.78506    0.00246    NIRISS
 1546.16    102.98     1.78997    0.00246    NIRISS
 1453.57    119.25     1.79488    0.00246    NIRISS
 1488.18    117.61     1.79980    0.00246    NIRISS
 1491.51    118.01     1.80471    0.00246    NIRISS
 1484.32    122.89     1.80962    0.00246    NIRISS
 1723.25    116.68     1.81454    0.00246    NIRISS
 1467.03    126.61     1.81945    0.00246    NIRISS
 1619.68    125.47     1.82387    0.00197    NIRISS
 1577.02    120.70     1.82830    0.00246    NIRISS
 1322.46    120.59     1.83321    0.00246    NIRISS
 1651.06    124.57     1.83813    0.00246    NIRISS
 1763.71    129.89     1.84304    0.00246    NIRISS
 1716.00    120.71     1.84796    0.00246    NIRISS
 1675.41    122.67     1.85287    0.00246    NIRISS
 1650.30    122.18     1.85779    0.00246    NIRISS
 1429.49    138.99     1.86270    0.00246    NIRISS
 1501.03    128.86     1.86762    0.00246    NIRISS
 2102.14    127.80     1.87253    0.00246    NIRISS
 1884.80    136.11     1.87745    0.00246    NIRISS
 1578.59    130.29     1.88237    0.00246    NIRISS
 1548.62    137.45     1.88728    0.00246    NIRISS
 1996.29    132.83     1.89171    0.00197    NIRISS
 1591.87    136.76     1.89613    0.00246    NIRISS
 1757.80    118.23     1.90105    0.00246    NIRISS
 1536.75    133.49     1.90596    0.00246    NIRISS
 1606.71    131.84     1.91088    0.00246    NIRISS
 1749.83    116.62     1.91580    0.00246    NIRISS
 2017.76    124.37     1.92071    0.00246    NIRISS
 1509.77    138.29     1.92563    0.00246    NIRISS
 1823.73    143.29     1.93055    0.00246    NIRISS
 1761.35    141.67     1.93547    0.00246    NIRISS
 1816.30    151.49     1.94038    0.00246    NIRISS
 1993.43    140.62     1.94530    0.00246    NIRISS
 1728.23    147.04     1.95022    0.00246    NIRISS
 1766.87    135.67     1.95513    0.00246    NIRISS
 1816.52    170.98     1.95956    0.00197    NIRISS
 1847.85    139.77     1.96399    0.00246    NIRISS
 1982.05    143.12     1.96890    0.00246    NIRISS
 1564.85    150.19     1.97382    0.00246    NIRISS
 2087.26    129.74     1.97874    0.00246    NIRISS
 1907.95    150.06     1.98366    0.00246    NIRISS
 2065.74    146.09     1.98857    0.00246    NIRISS
 2221.63    134.49     1.99349    0.00246    NIRISS
 1643.69    141.76     1.99841    0.00246    NIRISS
 1980.99    144.17     2.00333    0.00246    NIRISS
 1846.96    156.42     2.00824    0.00246    NIRISS
 1903.72    154.16     2.01316    0.00246    NIRISS
 1845.79    155.31     2.01808    0.00246    NIRISS
 1901.14    147.10     2.02300    0.00246    NIRISS
 1913.69    178.57     2.02742    0.00197    NIRISS
 1935.88    145.81     2.03185    0.00246    NIRISS
 1906.37    145.79     2.03676    0.00246    NIRISS
 1823.16    158.68     2.04168    0.00246    NIRISS
 1786.32    148.19     2.04660    0.00246    NIRISS
 1843.97    159.57     2.05152    0.00246    NIRISS
 1557.55    171.65     2.05644    0.00246    NIRISS
 2211.00    137.27     2.06135    0.00246    NIRISS
 2045.23    150.49     2.06627    0.00246    NIRISS
 1811.82    177.24     2.07119    0.00246    NIRISS
 1814.55    169.46     2.07611    0.00246    NIRISS
 1969.02    166.30     2.08102    0.00246    NIRISS
 1989.41    151.91     2.08594    0.00246    NIRISS
 1912.68    163.81     2.09086    0.00246    NIRISS
 1702.74    194.01     2.09529    0.00197    NIRISS
 1644.20    176.89     2.09971    0.00246    NIRISS
 1891.40    179.67     2.10463    0.00246    NIRISS
 1846.61    171.02     2.10955    0.00246    NIRISS
 1697.85    166.65     2.11447    0.00246    NIRISS
 2062.50    164.22     2.11938    0.00246    NIRISS
 1732.81    185.97     2.12430    0.00246    NIRISS
 1882.00    188.12     2.12922    0.00246    NIRISS
 1917.72    180.48     2.13414    0.00246    NIRISS
 1643.86    183.61     2.13906    0.00246    NIRISS
 2010.53    183.94     2.14398    0.00246    NIRISS
 1876.93    169.96     2.14889    0.00246    NIRISS
 1639.57    191.14     2.15381    0.00246    NIRISS
 2020.62    188.95     2.15873    0.00246    NIRISS
 1904.52    222.00     2.16316    0.00197    NIRISS
 1769.83    195.62     2.16758    0.00246    NIRISS
 1817.78    188.21     2.17250    0.00246    NIRISS
 1743.95    184.51     2.17742    0.00246    NIRISS
 1741.76    183.94     2.18234    0.00246    NIRISS
 1851.10    184.90     2.18726    0.00246    NIRISS
 1850.65    188.76     2.19218    0.00246    NIRISS
 2000.40    208.25     2.19710    0.00246    NIRISS
 2020.26    194.42     2.20202    0.00246    NIRISS
 1711.42    196.91     2.20694    0.00246    NIRISS
 1959.00    205.76     2.21186    0.00246    NIRISS
 2054.84    198.97     2.21677    0.00246    NIRISS
 2088.76    201.62     2.22169    0.00246    NIRISS
 2192.98    203.50     2.22612    0.00197    NIRISS
 1818.77    218.24     2.23055    0.00246    NIRISS
 1741.13    209.87     2.23547    0.00246    NIRISS
 2008.91    185.17     2.24039    0.00246    NIRISS
 2059.88    191.21     2.24531    0.00246    NIRISS
 2166.90    195.44     2.25023    0.00246    NIRISS
 1945.44    210.82     2.25515    0.00246    NIRISS
 2344.23    210.03     2.26007    0.00246    NIRISS
 1715.68    208.72     2.26500    0.00246    NIRISS
 2346.63    222.36     2.26992    0.00246    NIRISS
 1841.17    212.66     2.27484    0.00246    NIRISS
 2355.95    214.24     2.27976    0.00246    NIRISS
 1833.51    226.27     2.28468    0.00246    NIRISS
 2253.02    192.51     2.28961    0.00246    NIRISS
 2279.54    236.13     2.29404    0.00197    NIRISS
 2026.22    209.45     2.29847    0.00246    NIRISS
 1989.81    211.63     2.30339    0.00246    NIRISS
 2111.88    227.61     2.30831    0.00246    NIRISS
 1961.51    220.56     2.31324    0.00246    NIRISS
 1691.96    227.68     2.31816    0.00246    NIRISS
 2212.28    222.92     2.32309    0.00246    NIRISS
 1862.16    220.60     2.32801    0.00246    NIRISS
 2052.36    236.95     2.33294    0.00246    NIRISS
 2148.24    218.44     2.33786    0.00246    NIRISS
 1913.24    227.93     2.34279    0.00246    NIRISS
 2410.93    241.19     2.34772    0.00246    NIRISS
 2019.16    255.70     2.35215    0.00197    NIRISS
 1762.56    227.70     2.35658    0.00246    NIRISS
 2135.13    218.45     2.36151    0.00246    NIRISS
 2347.22    239.90     2.36644    0.00246    NIRISS
 2347.41    229.99     2.37137    0.00246    NIRISS
 2104.37    222.52     2.37630    0.00246    NIRISS
 2070.86    241.20     2.38123    0.00246    NIRISS
 2059.44    242.67     2.38616    0.00247    NIRISS
 1997.98    242.50     2.39109    0.00247    NIRISS
 2109.96    231.94     2.39602    0.00247    NIRISS
 2462.26    247.04     2.40095    0.00247    NIRISS
 2337.66    241.61     2.40588    0.00247    NIRISS
 2024.84    273.62     2.41032    0.00197    NIRISS
 2177.91    250.01     2.41476    0.00247    NIRISS
 2688.65    271.88     2.41969    0.00247    NIRISS
 2219.26    247.33     2.42463    0.00247    NIRISS
 2347.42    270.48     2.42956    0.00247    NIRISS
 2798.38    256.35     2.43450    0.00247    NIRISS
 2169.80    237.29     2.43943    0.00247    NIRISS
 2613.64    244.35     2.44437    0.00247    NIRISS
 2148.35    264.47     2.44931    0.00247    NIRISS
 2659.16    264.26     2.45425    0.00247    NIRISS
 2728.57    268.04     2.45919    0.00247    NIRISS
 2227.45    305.47     2.46363    0.00198    NIRISS
 2321.21    280.31     2.46808    0.00247    NIRISS
 2084.77    294.95     2.47302    0.00247    NIRISS
 2831.95    261.41     2.47796    0.00247    NIRISS
 1953.53    272.32     2.48290    0.00247    NIRISS
 2302.71    255.94     2.48785    0.00247    NIRISS
 2696.57    264.39     2.49279    0.00247    NIRISS
 2434.65    268.57     2.49773    0.00247    NIRISS
 2404.88    304.58     2.50268    0.00247    NIRISS
 2338.18    293.32     2.50763    0.00247    NIRISS
 2609.53    312.62     2.51208    0.00198    NIRISS
 2966.45    295.47     2.51653    0.00247    NIRISS
 2355.53    296.91     2.52148    0.00247    NIRISS
 2368.47    287.34     2.52643    0.00248    NIRISS
 2081.17    310.86     2.53138    0.00248    NIRISS
 2262.55    282.67     2.53634    0.00248    NIRISS
 2639.46    275.93     2.54129    0.00248    NIRISS
 2461.13    311.65     2.54624    0.00248    NIRISS
 2243.06    292.87     2.55120    0.00248    NIRISS
 3229.57    304.67     2.55616    0.00248    NIRISS
 2532.60    343.51     2.56062    0.00198    NIRISS
 2329.65    309.07     2.56508    0.00248    NIRISS
 1655.97    315.94     2.57004    0.00248    NIRISS
 2338.47    323.20     2.57500    0.00248    NIRISS
 2130.17    312.76     2.57996    0.00248    NIRISS
 2739.70    335.92     2.58493    0.00248    NIRISS
 2428.81    307.07     2.58989    0.00248    NIRISS
 2259.75    322.55     2.59485    0.00248    NIRISS
 2833.20    308.32     2.59932    0.00199    NIRISS
 2192.34    348.70     2.60380    0.00248    NIRISS
 2962.96    307.11     2.60877    0.00248    NIRISS
 2775.44    336.05     2.61374    0.00249    NIRISS
 2040.87    344.31     2.61871    0.00249    NIRISS
 2627.25    370.49     2.62368    0.00249    NIRISS
 2900.22    333.58     2.62865    0.00249    NIRISS
 2563.37    307.86     2.63363    0.00249    NIRISS
 2962.66    382.57     2.63811    0.00199    NIRISS
 2663.76    334.71     2.64259    0.00249    NIRISS
 3385.27    306.58     2.64757    0.00249    NIRISS
 2048.73    328.53     2.65255    0.00249    NIRISS
 2952.21    327.54     2.65754    0.00249    NIRISS
 2096.53    334.57     2.66252    0.00249    NIRISS
 2420.96    338.85     2.66751    0.00249    NIRISS
 2567.37    390.81     2.67200    0.00200    NIRISS
 2242.08    355.48     2.67649    0.00249    NIRISS
 2613.97    345.94     2.68148    0.00250    NIRISS
 2587.19    381.19     2.68647    0.00250    NIRISS
 2893.11    343.22     2.69146    0.00250    NIRISS
 1824.00    339.16     2.69646    0.00250    NIRISS
 2154.53    385.10     2.70146    0.00250    NIRISS
 2697.57    394.59     2.70596    0.00200    NIRISS
 1958.56    397.67     2.71046    0.00250    NIRISS
 3332.54    371.60     2.71546    0.00250    NIRISS
 2389.70    375.01     2.72046    0.00250    NIRISS
 2392.24    382.51     2.72547    0.00250    NIRISS
 2671.83    408.48     2.73048    0.00250    NIRISS
 3348.70    407.53     2.73499    0.00200    NIRISS
 2610.69    391.36     2.73950    0.00251    NIRISS
 1642.79    426.22     2.74451    0.00251    NIRISS
 2282.07    441.32     2.74953    0.00251    NIRISS
 3024.27    420.48     2.75455    0.00251    NIRISS
 3051.81    425.08     2.75957    0.00251    NIRISS
 3098.68    462.22     2.76409    0.00201    NIRISS
 2960.71    416.39     2.76861    0.00251    NIRISS
 3596.27    432.28     2.77363    0.00251    NIRISS
 2721.99    430.28     2.77866    0.00251    NIRISS
 3261.46    443.03     2.78369    0.00252    NIRISS
 3236.94    441.52     2.78872    0.00252    NIRISS
 2518.36    517.35     2.79325    0.00201    NIRISS
 2134.54    430.50     2.79779    0.00252    NIRISS
 3180.49    452.40     2.80283    0.00252    NIRISS
 3086.40    473.11     2.80787    0.00252    NIRISS
 2548.89    464.67     2.81291    0.00252    NIRISS
 2773.35    515.45     2.81745    0.00202    NIRISS
 2858.42    474.31     2.82200    0.00252    NIRISS
 2417.53    489.56     2.82705    0.00253    NIRISS
