# Simulated JWST transit observation of WASP-107b like planet
# with NIRISS/SOSS

@DEPTH_UNITS
percent

#     depth    depth_err   wavelength  half_width    instrument
@DATA
    2.07687      0.01495     0.833679    0.002779    soss_order1
    2.06726      0.01398     0.839255    0.002798    soss_order1
    2.07929      0.01343     0.844869    0.002816    soss_order1
    2.05858      0.01311     0.850520    0.002835    soss_order1
    2.09101      0.01273     0.856210    0.002854    soss_order1
    2.05901      0.01231     0.861937    0.002873    soss_order1
    2.05605      0.01358     0.867702    0.002892    soss_order1
    2.06690      0.01184     0.873506    0.002912    soss_order1
    2.08097      0.01170     0.879349    0.002931    soss_order1
    2.06287      0.01052     0.885231    0.002951    soss_order1
    2.06862      0.01104     0.891152    0.002971    soss_order1
    2.08451      0.01093     0.897113    0.002990    soss_order1
    2.08064      0.01074     0.903114    0.003010    soss_order1
    2.05721      0.01055     0.909155    0.003031    soss_order1
    2.07656      0.00958     0.915236    0.003051    soss_order1
    2.06143      0.01023     0.921358    0.003071    soss_order1
    2.06404      0.01014     0.927521    0.003092    soss_order1
    2.07331      0.00920     0.933725    0.003112    soss_order1
    2.08238      0.00983     0.939971    0.003133    soss_order1
    2.05363      0.00897     0.946258    0.003154    soss_order1
    2.07550      0.00954     0.952588    0.003175    soss_order1
    2.06716      0.00877     0.958960    0.003197    soss_order1
    2.07803      0.00945     0.965374    0.003218    soss_order1
    2.05740      0.00866     0.971831    0.003239    soss_order1
    2.08203      0.00851     0.978332    0.003261    soss_order1
    2.06437      0.00833     0.984876    0.003283    soss_order1
    2.04997      0.00896     0.991464    0.003305    soss_order1
    2.05954      0.00823     0.998096    0.003327    soss_order1
    2.03693      0.00814     1.004772    0.003349    soss_order1
    2.04958      0.00806     1.011493    0.003372    soss_order1
    2.05058      0.00799     1.018259    0.003394    soss_order1
    2.04578      0.00791     1.025070    0.003417    soss_order1
    2.03568      0.00788     1.031926    0.003440    soss_order1
    2.03461      0.00782     1.038829    0.003463    soss_order1
    2.04895      0.00722     1.045777    0.003486    soss_order1
    2.04752      0.00764     1.052773    0.003509    soss_order1
    2.04046      0.00763     1.059815    0.003533    soss_order1
    2.03194      0.00755     1.066904    0.003556    soss_order1
    2.05172      0.00703     1.074040    0.003580    soss_order1
    2.04722      0.00754     1.081224    0.003604    soss_order1
    2.03340      0.00694     1.088457    0.003628    soss_order1
    2.05351      0.00740     1.095737    0.003652    soss_order1
    2.05299      0.00688     1.103067    0.003677    soss_order1
    2.03737      0.00680     1.110445    0.003701    soss_order1
    2.06314      0.00724     1.117873    0.003726    soss_order1
    2.06533      0.00678     1.125350    0.003751    soss_order1
    2.06807      0.00673     1.132878    0.003776    soss_order1
    2.05915      0.00675     1.140455    0.003802    soss_order1
    2.05076      0.00665     1.148084    0.003827    soss_order1
    2.07568      0.00706     1.155763    0.003853    soss_order1
    2.06303      0.00666     1.163494    0.003878    soss_order1
    2.05173      0.00660     1.171277    0.003904    soss_order1
    2.04974      0.00628     1.179111    0.003930    soss_order1
    2.05829      0.00665     1.186998    0.003957    soss_order1
    2.03867      0.00664     1.194938    0.003983    soss_order1
    2.03912      0.00662     1.202931    0.004010    soss_order1
    2.05399      0.00623     1.210977    0.004037    soss_order1
    2.05667      0.00655     1.219078    0.004064    soss_order1
    2.04567      0.00655     1.227232    0.004091    soss_order1
    2.03948      0.00619     1.235441    0.004118    soss_order1
    2.03688      0.00659     1.243705    0.004146    soss_order1
    2.03697      0.00622     1.252024    0.004173    soss_order1
    2.02809      0.00623     1.260399    0.004201    soss_order1
    2.02490      0.00663     1.268829    0.004229    soss_order1
    2.03514      0.00628     1.277316    0.004258    soss_order1
    2.03849      0.00635     1.285860    0.004286    soss_order1
    2.03990      0.00635     1.294461    0.004315    soss_order1
    2.04608      0.00636     1.303120    0.004344    soss_order1
    2.03995      0.00653     1.311837    0.004373    soss_order1
    2.06166      0.00644     1.320611    0.004402    soss_order1
    2.05682      0.00651     1.329445    0.004431    soss_order1
    2.08031      0.00652     1.338338    0.004461    soss_order1
    2.08028      0.00653     1.347290    0.004491    soss_order1
    2.09587      0.00625     1.356302    0.004521    soss_order1
    2.09190      0.00664     1.365374    0.004551    soss_order1
    2.09933      0.00632     1.374507    0.004582    soss_order1
    2.09663      0.00671     1.383701    0.004612    soss_order1
    2.09583      0.00644     1.392956    0.004643    soss_order1
    2.08797      0.00682     1.402274    0.004674    soss_order1
    2.07368      0.00653     1.411653    0.004706    soss_order1
    2.08124      0.00660     1.421096    0.004737    soss_order1
    2.08742      0.00670     1.430602    0.004769    soss_order1
    2.09101      0.00670     1.440171    0.004801    soss_order1
    2.07410      0.00677     1.449804    0.004833    soss_order1
    2.06376      0.00684     1.459502    0.004865    soss_order1
    2.06259      0.00689     1.469264    0.004898    soss_order1
    2.07610      0.00692     1.479092    0.004930    soss_order1
    2.08713      0.00709     1.488986    0.004963    soss_order1
    2.06808      0.00714     1.498946    0.004996    soss_order1
    2.06376      0.00688     1.508972    0.005030    soss_order1
    2.06067      0.00712     1.519065    0.005064    soss_order1
    2.04553      0.00681     1.529226    0.005097    soss_order1
    2.05655      0.00719     1.539455    0.005132    soss_order1
    2.06130      0.00687     1.549753    0.005166    soss_order1
    2.05792      0.00699     1.560119    0.005200    soss_order1
    2.06350      0.00747     1.570555    0.005235    soss_order1
    2.04520      0.00724     1.581060    0.005270    soss_order1
    2.04512      0.00725     1.591636    0.005305    soss_order1
    2.04404      0.00721     1.602282    0.005341    soss_order1
    2.03183      0.00736     1.613000    0.005377    soss_order1
    2.05082      0.00708     1.623789    0.005413    soss_order1
    2.02710      0.00746     1.634650    0.005449    soss_order1
    2.02898      0.00754     1.645584    0.005485    soss_order1
    2.03028      0.00757     1.656592    0.005522    soss_order1
    2.03664      0.00746     1.667673    0.005559    soss_order1
    2.04148      0.00791     1.678828    0.005596    soss_order1
    2.03390      0.00764     1.690057    0.005634    soss_order1
    2.02255      0.00774     1.701362    0.005671    soss_order1
    2.03782      0.00800     1.712742    0.005709    soss_order1
    2.01790      0.00835     1.724199    0.005747    soss_order1
    2.03933      0.00816     1.735732    0.005786    soss_order1
    2.03726      0.00825     1.747342    0.005824    soss_order1
    2.04330      0.00838     1.759030    0.005863    soss_order1
    2.04746      0.00822     1.770796    0.005903    soss_order1
    2.04994      0.00867     1.782641    0.005942    soss_order1
    2.05058      0.00876     1.794565    0.005982    soss_order1
    2.05952      0.00862     1.806569    0.006022    soss_order1
    2.05451      0.00906     1.818653    0.006062    soss_order1
    2.06800      0.00885     1.830818    0.006103    soss_order1
    2.05688      0.00948     1.843064    0.006144    soss_order1
    2.05679      0.00916     1.855392    0.006185    soss_order1
    2.07492      0.00931     1.867803    0.006226    soss_order1
    2.06760      0.00948     1.880296    0.006268    soss_order1
    2.09593      0.00972     1.892874    0.006310    soss_order1
    2.07910      0.00973     1.905535    0.006352    soss_order1
    2.08072      0.00988     1.918281    0.006394    soss_order1
    2.09266      0.01016     1.931112    0.006437    soss_order1
    2.12723      0.01006     1.944030    0.006480    soss_order1
    2.09929      0.01040     1.957033    0.006523    soss_order1
    2.08893      0.01016     1.970124    0.006567    soss_order1
    2.09342      0.01107     1.983302    0.006611    soss_order1
    2.06756      0.01052     1.996568    0.006655    soss_order1
    2.06398      0.01053     2.009923    0.006700    soss_order1
    2.09424      0.01073     2.023367    0.006745    soss_order1
    2.05829      0.01090     2.036901    0.006790    soss_order1
    2.04034      0.01104     2.050526    0.006835    soss_order1
    2.04420      0.01136     2.064242    0.006881    soss_order1
    2.05242      0.01142     2.078050    0.006927    soss_order1
    2.04287      0.01123     2.091950    0.006973    soss_order1
    2.03687      0.01178     2.105943    0.007020    soss_order1
    2.02336      0.01160     2.120029    0.007067    soss_order1
    2.03195      0.01210     2.134210    0.007114    soss_order1
    2.02570      0.01185     2.148486    0.007162    soss_order1
    2.03065      0.01205     2.162857    0.007210    soss_order1
    2.04540      0.01229     2.177324    0.007258    soss_order1
    2.04562      0.01247     2.191888    0.007306    soss_order1
    2.04163      0.01275     2.206550    0.007355    soss_order1
    2.02553      0.01244     2.221309    0.007404    soss_order1
    2.03097      0.01307     2.236167    0.007454    soss_order1
    2.02853      0.01327     2.251125    0.007504    soss_order1
    2.07118      0.01311     2.266183    0.007554    soss_order1
    2.02586      0.01336     2.281341    0.007604    soss_order1
    2.04418      0.01442     2.296601    0.007655    soss_order1
    2.04481      0.01391     2.311963    0.007707    soss_order1
    2.05696      0.01461     2.327427    0.007758    soss_order1
    2.05342      0.01453     2.342996    0.007810    soss_order1
    2.03066      0.01477     2.358668    0.007862    soss_order1
    2.08689      0.01514     2.374445    0.007915    soss_order1
    2.06250      0.01583     2.390327    0.007968    soss_order1
    2.05414      0.01523     2.406316    0.008021    soss_order1
    2.02249      0.01577     2.422412    0.008075    soss_order1
    2.06907      0.01625     2.438615    0.008129    soss_order1
    2.04838      0.01665     2.454927    0.008183    soss_order1
    2.05460      0.01653     2.471348    0.008238    soss_order1
    2.05614      0.01775     2.487879    0.008293    soss_order1
    2.05769      0.01775     2.504520    0.008348    soss_order1
    2.06491      0.01765     2.521273    0.008404    soss_order1
    2.06289      0.01822     2.538138    0.008460    soss_order1
    2.11013      0.01796     2.555115    0.008517    soss_order1
    2.12275      0.01846     2.572206    0.008574    soss_order1
    2.13503      0.01821     2.589411    0.008631    soss_order1
    2.12963      0.01818     2.606732    0.008689    soss_order1
    2.09533      0.01880     2.624168    0.008747    soss_order1
    2.08314      0.01915     2.641721    0.008806    soss_order1
    2.13326      0.01916     2.659392    0.008865    soss_order1
    2.15973      0.01960     2.677180    0.008924    soss_order1
    2.16989      0.01919     2.695088    0.008984    soss_order1
    2.18496      0.02026     2.713115    0.009044    soss_order1
    2.13930      0.01994     2.731263    0.009104    soss_order1
    2.13150      0.02035     2.749532    0.009165    soss_order1
    2.12761      0.02083     2.767924    0.009226    soss_order1
    2.14887      0.02147     2.786438    0.009288    soss_order1
    2.14482      0.02717     2.802213    0.006487    soss_order1
    2.10712      0.01143     0.704353    0.002348    soss_order2
    2.10445      0.01083     0.709064    0.002364    soss_order2
    2.11995      0.01157     0.713807    0.002379    soss_order2
    2.11182      0.01147     0.718582    0.002395    soss_order2
    2.12070      0.01066     0.723388    0.002411    soss_order2
    2.11993      0.01062     0.728227    0.002427    soss_order2
    2.08551      0.01117     0.733098    0.002444    soss_order2
    2.10154      0.01071     0.738002    0.002460    soss_order2
    2.09258      0.01077     0.742938    0.002476    soss_order2
    2.10009      0.01075     0.747908    0.002493    soss_order2
    2.07548      0.01081     0.752910    0.002510    soss_order2
    2.06260      0.01158     0.757947    0.002526    soss_order2
    2.11911      0.01073     0.763016    0.002543    soss_order2
    2.17662      0.01161     0.768120    0.002560    soss_order2
    2.12119      0.01179     0.773258    0.002578    soss_order2
    2.08097      0.01186     0.778430    0.002595    soss_order2
    2.08624      0.01162     0.783637    0.002612    soss_order2
    2.08810      0.01229     0.788879    0.002630    soss_order2
    2.08212      0.01216     0.794156    0.002647    soss_order2
    2.07075      0.01293     0.799468    0.002665    soss_order2
    2.08501      0.01278     0.804815    0.002683    soss_order2
    2.07404      0.01316     0.810199    0.002701    soss_order2
    2.06578      0.01346     0.815618    0.002719    soss_order2
    2.06560      0.01405     0.821074    0.002737    soss_order2
    2.06073      0.01409     0.826566    0.002755    soss_order2
    2.07072      0.01475     0.832095    0.002774    soss_order2
    2.09421      0.01541     0.837661    0.002792    soss_order2
    2.08010      0.01579     0.843264    0.002811    soss_order2
    2.07982      0.01624     0.848904    0.002830    soss_order2
    2.04850      0.01630     0.854583    0.002849    soss_order2
    2.06117      0.01720     0.860299    0.002868    soss_order2
    2.05784      0.01759     0.866053    0.002887    soss_order2
    2.08006      0.01889     0.871846    0.002906    soss_order2
    2.03655      0.01881     0.877678    0.002926    soss_order2
    2.06621      0.01967     0.883549    0.002945    soss_order2
    2.07028      0.01982     0.889459    0.002965    soss_order2
    2.08115      0.02055     0.895409    0.002985    soss_order2
    2.13164      0.02148     0.901398    0.003005    soss_order2
    2.08007      0.02206     0.907427    0.003025    soss_order2
    2.06228      0.02206     0.913497    0.003045    soss_order2
    2.07016      0.02387     0.919607    0.003065    soss_order2
    2.05062      0.02487     0.925759    0.003086    soss_order2
    2.07048      0.02470     0.931951    0.003107    soss_order2
    2.04514      0.02579     0.938185    0.003127    soss_order2
    2.00442      0.02806     0.944460    0.003148    soss_order2
    1.98650      0.02802     0.950778    0.003169    soss_order2
    2.06567      0.02948     0.957137    0.003190    soss_order2
    2.02881      0.03116     0.963540    0.003212    soss_order2
    2.05013      0.03272     0.969985    0.003233    soss_order2
    2.09965      0.03425     0.976473    0.003255    soss_order2
    2.05874      0.03534     0.983005    0.003277    soss_order2
    2.09933      0.03597     0.989580    0.003299    soss_order2
    2.06111      0.03956     0.996199    0.003321    soss_order2

